000000000000000000000000
000000000000000000000000
000000000000000000000000
000000000000000000000000
000000000000000000000000
000000000000000000000000
000000000000000000101000
000000000000000000000010
000000000000000001010010
111111111111111111011101
000000000000000001110111
111111111111111111011011
000000000000000001001111
111111111111111111011010
111111111111111110101111
000000000000000010011000
111111111111110110000010
000000000010100001001101
000000000111010011100011
000000001100001100111000
000000010001100011011011
000000010110111100001001
000000011101001011110000
000000100001001001100100
000000100010011011101111
000000100010110001100101
000000100001100010111000
000000011111110001110000
000000011100111000011100
000000011001010101110111
000000010110000000011100
000000010011000010001001
000000010001001111000100
000000010000100100101110
000000010001110100111101
000000010011111010011010
000000010110001011001010
000000011000010000110100
000000011000111100100010
000000011000101111010001
000000010110101111011011
000000010011011111011001
000000010000000010110111
000000001100011100001010
000000001010010111011011
000000001011001110001101
000000001001110111100101
000000001000110011101101
000000001000100111110011
000000001010010111111010
000000001110000100011001
000000010011001010111101
000000010110100110000101
000000011000101111101101
000000011001111010101110
000000011001000000110111
000000010101111101101010
000000010001011100110100
000000001110010011000010
000000001011111110101100
000000001010100101100001
000000001010101011011110
000000001010110100011011
000000001011011001011101
000000001011111111100000
000000001110000100011111
000000010000101101100011
000000010011001011110110
000000010110011111011111
000000011010000010000011
000000011101100101101001
000000011111011110011111
000000011110111100010110
000000011101000011110001
000000011010101110110011
000000011001010001101100
000000011000110011101000
000000011001011011000010
000000011011110001010001
000000011110100001011111
000000100000101111000011
000000100001101101001100
000000100010000000011001
000000100010011011010001
000000100010110011110100
000000100011110000001010
000000100101101000111011
000000100111110111101111
000000101001111000010101
000000101100111110010110
000000110000110011111010
000000110011111101110100
000000110110100000001000
000000111000001101101110
000000111000101010000001
000000110110111011001101
000000110100010110000001
000000110010011101001001
000000110000100100010011
000000101111100100001011
000000110000110001100111
000000110100001100000101
000000111000001101110101
000000111100000001111101
000000111111001110110111
000001000001001111001011
000001000001100010010011
000000111111110100000110
000000111101011010010001
000000111010100100010110
000000110111111011001011
000000110110010101011010
000000110110000100101010
000000110111000100001111
000000111000101010001001
000000111011010000111001
000000111110100111100000
000001000001101101000101
000001000011001101011011
000001000010111011011101
000001000001011011011101
000000111110010101001111
000000111001110101101111
000000110101001001011111
000000110001111101101001
000000110001001011111000
000000110010100110110111
000000110101010110011010
000000111000110101001010
000000111100010010111101
000000111101110000110101
000000111100111101010100
000000111010101110010111
000000110111100001000101
000000110100000110100011
000000110000111001001001
000000101110101000001001
000000101101101110111010
000000101110010010001000
000000110000110100111100
000000110100001111111111
000000110111110001111110
000000111011110111011010
000000111111010001011000
000001000001000110111101
000001000001101110010000
000001000001001110000001
000000111111010100010110
000000111011111001111010
000000111000010110010010
000000110101100000000110
000000110010111011010001
000000110000111001001100
000000101111110111001010
000000110000000001110111
000000110001011010010110
000000110011010010111001
000000110100011001110100
000000110101000101110111
000000110101100100110100
000000110100111111001110
000000110010110000111100
000000101110110011100010
000000101010011100101010
000000100101111000001010
000000100001010010010011
000000011101101000110001
000000011011010100010000
000000011010101100000010
000000011011101101001000
000000011110100001101010
000000100010010111011001
000000100110101101101001
000000101010010011001011
000000101011100100010011
000000101010101001111100
000000100111101101010111
000000100011001110111100
000000011110000001111100
000000011010011011100011
000000011001101101100100
000000011011010101010001
000000011110011110001100
000000100001100110011010
000000100011010001010010
000000100010000001001000
000000011111001101111011
000000011100000010011111
000000011000111111010111
000000010111111000110111
000000011000100100101010
000000011010110110110000
000000011101100110110011
000000011111111000000101
000000100001011010011101
000000100001011001110010
000000011111111100111100
000000011100110110011100
000000011000101010101101
000000010100000101000100
000000001111001100110011
000000001010011010101000
000000000110010010000110
000000000011001110011110
000000000001011110110001
000000000001101010000001
000000000011110111000000
000000000111010110110101
000000001010100100000010
000000001100000100000101
000000001011011100100111
000000001000000000101101
000000000010000011100000
111111111011001001101010
111111110101001111001010
111111110010001110110000
111111110010001101000000
111111110101010100111010
111111111010101110000000
000000000000111100010111
000000000111010100111000
000000001100000010011000
000000001101111101010011
000000001101000111110110
000000001010011011001110
000000000110100000011001
000000000010000100110000
111111111101101110110100
111111111010000011011010
111111111000001110100001
111111111001010100101111
111111111100110101110000
000000000000111000001111
000000000101111001000100
000000001011100111111000
000000010000000010110010
000000010010000100110111
000000010001111010010011
000000010001101001110001
000000010000100111101101
000000001110000110011001
000000001100000101110000
000000001010110000000011
000000001010011110001000
000000001011001110000000
000000001101110001001101
000000010010010100001001
000000010111000100101100
000000011100010010100101
000000100001010010010011
000000100100111111011000
000000100110100001001010
000000100110011100111110
000000100100111111100010
000000100001101100111101
000000011110011101000111
000000011100000100000101
000000011011010011011111
000000011011111101110111
000000011101111010110011
000000100000111101001010
000000100011101110111111
000000100101100001000111
000000100101101100001010
000000100100001100111011
000000100010000010110010
000000100000000111010011
000000011110101101011101
000000011110111100011011
000000100001001000101100
000000100100100010010010
000000100111110010111111
000000101010010100000111
000000101100100111110100
000000101110000101110101
000000101101111111101110
000000101100110101001000
000000101010101011001011
000000100111111000011000
000000100101000101101010
000000100010111111101000
000000100010111001010111
000000100011111101111100
000000100101101010101010
000000101000011111111110
000000101011110111001000
000000101111010000101010
000000110010100001111110
000000110110000011100010
000000111001100100001010
000000111100000110011100
000000111101010000111011
000000111011101001100000
000000110111001001111110
000000110010010101111001
000000101111010101001101
000000101110011011110000
000000101110011111101000
000000110000110010001010
000000110101111110011011
000000111011101001101100
000001000000101101100011
000001000011101110010011
000001000101000000100110
000001000101010100010101
000001000011111010111101
000001000001101101001100
000000111111010001101000
000000111101110111010110
000000111110001010110110
000000111110100110111010
000000111111000100011100
000000111111110101111110
000000111111111000000000
000000111111111111010011
000001000000111010010100
000001000010011011100100
000001000011011010111011
000001000011011100100001
000001000011011101101111
000001000010111101000001
000001000001011001010100
000000111111101110101101
000000111110110011101100
000000111110011110101101
000000111110010111100111
000000111110001101101100
000000111110010001001011
000000111101111011100000
000000111110000010101111
000000111101110100111000
000000111101000001111101
000000111100001011110001
000000111011101000111011
000000111011110111101111
000000111010010110101101
000000111000000010101010
000000110100101001100010
000000110000110010110001
000000101101100001000111
000000101011000100110111
000000101011001000101110
000000101101001101000000
000000110000101001101100
000000110011101110111001
000000110100111100000000
000000110011101110011011
000000110000110100111010
000000101101000000010101
000000101001000110111101
000000100110001010000001
000000100100011111100101
000000100100101011001001
000000100110110011100000
000000101001000010011110
000000101010111111111110
000000101100010000000100
000000101100000111100110
000000101011110001011011
000000101011001100010001
000000101001001111000100
000000100111101011101111
000000100101011110100110
000000100011101000101011
000000100011111110011000
000000100011111011010011
000000100101000001011100
000000100101011011100001
000000100110011011011110
000000100111010010111100
000000100110101010001000
000000100101100011100010
000000100100001010111011
000000100011010010001111
000000100010100110000000
000000100001011101000010
000000100000011011010001
000000011111010001101000
000000011110001100000100
000000011100111011011111
000000011100100011001010
000000011100111101101101
000000011101011001011110
000000011101110110100111
000000011101101110101101
000000011110000011110100
000000011110001000100011
000000011110000000000010
000000011110010100111011
000000011110011100000101
000000011110111111000101
000000100000100101001101
000000100010110110000011
000000100100101001110011
000000100101110110110010
000000100111000000110000
000000101000000001110010
000000101000010010011011
000000100111111010111011
000000100111101001000101
000000100110110000111010
000000100101000100001000
000000100010101001001011
000000011111001100101100
000000011011110110101111
000000011001010100000110
000000011000100111001111
000000011001101110110100
000000011011110001101101
000000011110100000111000
000000100000011100111110
000000100001000011101000
000000100000111000011010
000000100000010011001011
000000011111000110010011
000000011110000011011010
000000011110001000010101
000000011111000001101111
000000100000000000000010
000000100000110101111111
000000100001101100001010
000000100010001001011000
000000100010000001101111
000000100001110101111101
000000100001011011110001
000000011111111010110001
000000011110010010101100
000000011100100011001111
000000011011001010110000
000000011011000111110010
000000011100110000110100
000000011111100000011110
000000100001110010111101
000000100011010010011000
000000100011011100100100
000000100010011100110100
000000011111110011000101
000000011101000110011010
000000011011101000100001
000000011011100110101011
000000011100010110100010
000000011110001000001110
000000100000000011010101
000000100001101110111101
000000100010100100100101
000000100010000001110111
000000100010000011000011
000000100001101101001101
000000100001011110100111
000000100001110110111110
000000100010101111011000
000000100011011100000110
000000100011000100111111
000000100001101011100000
000000100000011001000011
000000100000011001010111
000000100001000110101000
000000100010001010100000
000000100011100011110101
000000100100110111110010
000000100101011011010011
000000100011111000011010
000000100010001011101000
000000100000111010010011
000000100000010000111110
000000100000001001110100
000000011111101100000110
000000011111111101100001
000000100000001001010101
000000011111101111111010
000000011111001011111011
000000011111011001111011
000000100001001001100010
000000100011111011110001
000000100111110010010110
000000101011101100100111
000000101110110001101010
000000110000100010100000
000000110000011111110101
000000101111000101111111
000000101100100101110000
000000101010101001100111
000000101001111010010001
000000101001101110001000
000000101010001010101011
000000101010011000000010
000000101010010110101000
000000101010010110111010
000000101010001010000011
000000101010011011110111
000000101010001100010101
000000101001010010111001
000000101001001001101011
000000101001001100001110
000000101001110000011101
000000101010101000110011
000000101011110010111000
000000101101011100110110
000000101101101000101011
000000101100011001111000
000000101010011010000110
000000100111001110000011
000000100100010001101111
000000100011000111110101
000000100100000010101000
000000100110110101111011
000000101001111010110101
000000101101011011001101
000000110001011011101000
000000110100100010110100
000000110110100001101010
000000110110101111001100
000000110110011001101010
000000110110011001010001
000000110110100001000110
000000110110111011000111
000000110110111111000111
000000110111010100001010
000000111000011110110101
000000111010100110100001
000000111101110010111010
000001000000100110100100
000001000010101010101111
000001000011111011100010
000001000010111010011001
000000111111111000111001
000000111011110000001011
000000110111000010100110
000000110011000100101000
000000110001000001110010
000000110001010100100111
000000110010110111000111
000000110100001111011110
000000110110010001111000
000000111000110111100111
000000111011000101011101
000000111011101010010000
000000111001110010110110
000000110110001011010000
000000110010000010000111
000000101110110101110101
000000101100000001010110
000000101010011100101111
000000101010110000001000
000000101100111000000010
000000101111101101100001
000000110010011000101110
000000110110000001010111
000000111001100000001000
000000111011101111000111
000000111011100110001001
000000111001101111000001
000000110110100000001100
000000110001110110001011
000000101101100101010010
000000101010110011101000
000000101010001011000101
000000101011000101011010
000000101100001010010110
000000101100111100110000
000000101101100101010100
000000101101100111110110
000000101101000101100110
000000101011100100101101
000000101001100011001111
000000100111010010101001
000000100011111010111100
000000100000010010100111
000000011101001111100000
000000011011000110100010
000000011010001100100101
000000011010010010011100
000000011011010001111001
000000011100011010011111
000000011100110111011000
000000011101000000011101
000000011011111100010001
000000011010100000001110
000000011001000000001000
000000010111010000010101
000000010101100110000110
000000010011101101100110
000000010011101001111011
000000010100110110100001
000000010110111101011101
000000011010010100001110
000000011101111100101001
000000100001010111111101
000000100011101000101011
000000100100000010010000
000000100010111100000000
000000100000111110111110
000000011110010001100111
000000011011011010011000
000000011000010000101111
000000010101110111011001
000000010101000111110101
000000010101101100101000
000000010111111100100000
000000011011000010000101
000000011110110111101100
000000100011001110111010
000000100110111010111111
000000101001001011110111
000000101000110000011000
000000100101110111101000
000000100001001010000100
000000011011110001110011
000000010110111001010101
000000010011000111110100
000000010010100100010110
000000010101000011010110
000000011001100110010111
000000011110101100110011
000000100011100100011000
000000100111100010010001
000000101000100110011100
000000100110111110100110
000000100010111010111101
000000011101001110101101
000000010101010110101111
000000001101001000101010
000000000111001010100010
000000000011111000011100
000000000011110010111011
000000000101011000011100
000000001000110110011101
000000001100101011100101
000000001111010101010000
000000010000011000010011
000000001110110000010100
000000001011010111101011
000000000110110111000110
000000000010011100110011
111111111110110001010100
111111111011110000001000
111111111010010101001100
111111111010010010100000
111111111011000001111000
111111111101000110011010
111111111111111101001100
000000000011000010100100
000000000101100100000110
000000000111001100110110
000000001000101100101101
000000001000011011110001
000000000101110111110100
000000000001111010110001
111111111101100110011110
111111111001110010100110
111111110110011000011010
111111110100000101101101
111111110011110111100011
111111110110001100010111
111111111010110000001010
000000000000001100110100
000000000100110111000100
000000001000000011011110
000000001001111010110001
000000001010010100010010
000000001001010100101001
000000000111110010001100
000000000110011001111011
000000000101100101011110
000000000110001011010000
000000000111110100000100
000000001001111001110100
000000001100111100100110
000000010001010001001101
000000010110110111100010
000000011100010000100011
000000100001010010011100
000000100101011101011101
000000100111000010110011
000000100110111101011100
000000100101001111111000
000000100010001111011001
000000011110111111011111
000000011100101100010001
000000011101110100110001
000000100001110110111101
000000100111110000000101
000000101110101111110101
000000110100110110101010
000000111001101010010101
000000111011101110100101
000000111011000011101100
000000111000011000111111
000000110100000100001110
000000110000000101010010
000000101101001011111001
000000101100110011111101
000000101110101100000111
000000110010010111100001
000000110111010011111100
000000111011100111011010
000000111111010001000011
000001000001010011111110
000001000001101001001100
000001000000010100000000
000000111110101110000100
000000111110000011011110
000000111101000111110001
000000111100010101110101
000000111100011100010110
000000111101101110110101
000000111111001111011011
000001000000110000000000
000001000001101100111100
000001000001101100101010
000001000000111101001110
000000111110111011110110
000000111100100010101001
000000111010010110100010
000000111000110000101111
000000110111101110100100
000000110110011000111101
000000110110010000101111
000000110111000110010001
000000111000001101011101
000000111001000100110110
000000111010001011101100
000000111011101011001001
000000111100110001010111
000000111101100101000101
000000111100001111000000
000000111001110000110100
000000110110101011101000
000000110011000010011111
000000101111010011010010
000000101100001001011000
000000101010110001001101
000000101011111101000110
000000101110001000001111
000000110000100111010101
000000110010011100100011
000000110011101110011001
000000110100011001111000
000000110010111110001000
000000110000111001000000
000000101110001100111000
000000101011111011001110
000000101010101011100010
000000101001101110110010
000000101001011000110111
000000101001000110110010
000000101001011100100001
000000101001110011100111
000000101010000001110011
000000101010000101000100
000000101001101011110000
000000101000110110111101
000000100111000110101110
000000100101000110000100
000000100010100101101001
000000100000000100011010
000000011110110010010111
000000011111000000010001
000000100000101111011100
000000100011011000001000
000000100110001011110111
000000101000010011000111
000000101000111000101010
000000100111110001010011
000000100101000000000000
000000100001101101110110
000000011111101101001001
000000011111000010010100
000000011110101110100100
000000011101101110010100
000000011100110111010101
000000011100000100001110
000000011010000011111000
000000011000001100100011
000000010111011010010111
000000011000010100010010
000000011010010110100011
000000011100111100111101
000000011111110100110110
000000100001010100011111
000000100001000111111110
000000011111010010110111
000000011100001110001111
000000011000101100000001
000000010101100101100111
000000010100000110001111
000000010100001000010000
000000010101110011101100
000000011000110100011101
000000011011011101111101
000000011100110111110111
000000011101000000101010
000000011100111000100011
000000011100000100101010
000000011001100010011010
000000010110100101000000
000000010100010111001100
000000010010111111001001
000000010010100011110001
000000010010100110110110
000000010011001001000101
000000010100101000010011
000000010110110001001111
000000011000101001011101
000000011001001010101000
000000011000101001111111
000000010111111011111010
000000010110100010011110
000000010100100111111100
000000010011100011000110
000000010011001001111010
000000010011100010101000
000000010011101010000111
000000010010111110001011
000000010010101001001010
000000010001101001000101
000000010000011111010011
000000001111101011000011
000000001111100111010101
000000010000100101001000
000000010000111100111111
000000010000101011000001
000000010000010010011010
000000001111110011011011
000000001111010010110010
000000001111000010101011
000000001111000101010010
000000010000010110001000
000000010010110000111010
000000010101001100010000
000000010110110000110001
000000010110001000110001
000000010100010101100000
000000010010000110010011
000000001111010110010011
000000001101011001101110
000000001100111100011111
000000001110001101111111
000000010000011101000110
000000010010100000100111
000000010100101010110001
000000010110110111111101
000000011001000010111010
000000011010101010111011
000000011001110010010000
000000011010001110100001
000000011001111111100000
000000011000001111001000
000000010101011101100011
000000010011011000000010
000000010000110111100000
000000010000001011001101
000000010001000100101010
000000010010111000110100
000000010100111000100010
000000010110110111100001
000000011001100101100110
000000011100110011111011
000000011111101001111111
000000100010001010100000
000000100100101011111001
000000100110100101010011
000000100111101011110010
000000100111000000110010
000000100100011010111000
000000100001111101100001
000000011111100101001110
000000011110010101111100
000000011110101010100100
000000100000110000010111
000000100101011000000111
000000100101110011110100
000000101011010010001101
000000110000011010111100
000000110100000111101100
000000110101110110111010
000000110110001110011110
000000110101111000110001
000000110100111101111010
000000110011111011001011
000000110011000111111000
000000110011000101011110
000000110011001101110110
000000110100010010001001
000000110101111101001101
000000111000010100111010
000000111011100100111000
000000111111010111001011
000001000010101010011011
000001000100010011110011
000001000100110011011101
000001000100100000011111
000001000011110100110011
000001000010000010101010
000001000000110100000101
000001000000111000000000
000001000001001111010000
000001000010111000001001
000001000101010000010101
000001001000001001010011
000001001011010000101111
000001001110110001001001
000001010010100101000101
000001010100100101011110
000001010100110110111001
000001010011111010011110
000001010001101100000100
000001001111000001001110
000001001100111110111110
000001001100100010010110
000001001100111010011100
000001001110000110010000
000001010000100010011110
000001010011010010001010
000001010101011100100110
000001010110101010111000
000001010110101110111010
000001010110001100100001
000001010101011100000000
000001010100101010110001
000001010100000111000010
000001010011011110011010
000001010011100010100001
000001010100001101100110
000001010100100010010011
000001010011111110010110
000001010010001001000110
000001001111010000111001
000001001011111101011011
000001001000010110110100
000001000100010000100110
000001000000000100000100
000000111100110011001011
000000111010110111011101
000000111010100001000010
000000111010111111100000
000000111011011001110110
000000111011101010001010
000000111010111111010000
000000111001010011101110
000000110101101111110010
000000110000100010110000
000000101011100010011100
000000100111101010001100
000000100101010101011011
000000100101000111000110
000000100110100001010001
000000101001000001010010
000000101011111111101100
000000101101010100010011
000000101100110111001101
000000101001111101101101
000000100100110001100001
000000011110110010011100
000000011000100111000000
000000010100000001010111
000000010001100110101100
000000010000011110111100
000000010000011001110101
000000010000110100101110
000000010000110010010011
000000010000100000100010
000000001110101010001110
000000001011111001011111
000000001001100000101000
000000000111000110110100
000000000110001100100011
000000000101111111101000
000000000101110001011010
000000000101100001111110
000000000100101000001000
000000000011100111110011
000000000001111001011011
111111111110101011010010
111111111011001001101111
111111111000001011101011
111111110101111001011100
111111110100010011001100
111111110011001110011101
111111110100001001110001
111111110110111011001110
111111111010001010101000
111111111101101010110001
111111111111111001101100
000000000000000110011001
111111111110111111101011
111111111101011110101111
111111111011111010001110
111111111010100101001000
111111111010010010011111
111111111011110011100000
111111111110011110111000
000000000001010100010001
000000000100101111010010
000000000111011011101000
000000001001000001001010
000000001001100111001101
000000001001000011010100
000000001000011100001101
000000000111010000100101
000000000110001010011110
000000000110000110100101
000000000111000001110001
000000001000010111110110
000000001001000110000111
000000001001010110100101
000000001001110001001001
000000001010010000000000
000000001001100011110110
000000001000100110001111
000000001000011111110111
000000001000010100000010
000000000111101010011001
000000000110010100101000
000000000101100001001011
000000000101011011010100
000000000101001100111010
000000000101101100111110
000000000111000101000010
000000001000100110110010
000000001001111110110000
000000001011010101111001
000000001100101100000100
000000001101111000101110
000000001110100111101001
000000001111010011011110
000000010000000100001100
000000010000011001000000
000000010000101010100100
000000010001011000100000
000000010001110100001001
000000010001011111001111
000000010000101000010000
000000010000000001101100
000000010000110101101011
000000010010110010000100
000000010110001111000110
000000011010111101000010
000000100000001100101011
000000100101000101000011
000000101000001000000101
000000101001110111011100
000000101010101111010101
000000101010011100111000
000000101001011011100110
000000101000011001001011
000000100111111000110110
000000101000000011010011
000000101000100110101110
000000101010101000011010
000000101110001100000101
000000110010001100001111
000000110110000110001011
000000111001001010001000
000000111011011000010001
000000111100001101000100
000000111011011100010101
000000111001101110000011
000000110111000011010001
000000110011110000110101
000000110001000110000100
000000110000010101101000
000000110000111011001111
000000110001100001011011
000000110010101010110110
000000110100011011011111
000000110110001001100001
000000110111010101111101
000000110111110110010111
000000111000010000101100
000000110111101000101001
000000110101100000101010
000000110010010101111101
000000101111001000101110
000000101100101100101000
000000101011011101011111
000000101100010100001010
000000101111001100111011
000000110010110010101001
000000110101010101101111
000000110110110000001100
000000110111011010110101
000000110111011011011001
000000110110101000101001
000000110101100000111011
000000110100101111001110
000000110100000010010110
000000110010111111111100
000000110010000001110110
000000110001011110110111
000000110001001001011010
000000110000111011011000
000000110001010110110111
000000110010111010110101
000000110100100001011010
000000110101000101100100
000000110100100000001111
000000110011001111011100
000000110000100010111100
000000101100110010001010
000000101000110000101010
000000100101001000011110
000000100011000100100111
000000100010001000110110
000000100010110111010000
000000100100100001000000
000000100110001111000110
000000100111101110010101
000000100111111111100100
000000100110110011000000
000000100100001001111100
000000100000001000010000
000000011011101111100101
000000011000100111011000
000000010110101011101110
000000010110010010010111
000000010111001100000010
000000011001010101110011
000000011100100101011110
000000011110110011001000
000000011111011100010010
000000011110011001010100
000000011100010010001001
000000011001110000001011
000000010110001001100100
000000010010100111000011
000000010000001100010100
000000001110111000101101
000000001110001010101101
000000001101111011000000
000000001101111110101110
000000001101100111011011
000000001100011001101100
000000001010001110101010
000000001000000110101001
000000000110000101001101
000000000100000101010011
000000000010100000000101
000000000010011010010100
000000000011001110001010
000000000011011000101001
000000000010110111110001
000000000001111000000000
000000000000011000101010
111111111101001110000101
111111111001110110011001
111111110111011011101000
111111110110001111010001
111111110111010001101000
111111111001100101101010
111111111100011001001110
111111111110100110001111
111111111111010010010001
111111111101011001010001
111111111001000110101011
111111110100100000011011
111111101111111100110100
111111101100011100010000
111111101010010000000000
111111101001111010010110
111111101011101111011011
111111101101111010101000
111111110000011100011111
111111110001110010110101
111111110001110011000110
111111110001010101000101
111111101111110111011000
111111101110001101011011
111111101100011011001111
111111101011100001111110
111111101100001001011011
111111101101010001101101
111111101110100100010101
111111110000000101011001
111111110001110101000110
111111110100010001011111
111111110110111000111011
111111111000101011110001
111111111001101100110001
111111111001010001010111
111111110111011011010001
111111110100100101000001
111111110001111110111100
111111110000111101010010
111111110001101101001111
111111110100011100001011
111111111000101110010011
111111111101110110101000
000000000011001001010111
000000000111010010110100
000000001001000011001110
000000001000011110001111
000000000110011000011000
000000000010111110100101
111111111110110010001100
111111111100000111010001
111111111011010010001010
111111111100101001000111
111111111111110100110011
000000000011100000110000
000000000111110110001111
000000001011100000000111
000000001110010010011001
000000010000010100111101
000000010001101001110000
000000010001110100000111
000000010000000101101011
000000001101010010010101
000000001010101010010000
000000001000000011110111
000000000100110101000011
000000000010010001011001
000000000000111110101011
000000000001010100100001
000000000010111101100101
000000000100110000100000
000000000110000011111010
000000000110101000000111
000000000101101011110010
000000000011000001011011
111111111111000000111010
111111111001111011010101
111111110101011110000000
111111110010011011100110
111111110001111000100110
111111110010111101101100
111111110101000111011100
111111111000100001000010
111111111100001111101010
000000000000001001101110
000000000011000101111001
000000000101000000010000
000000000101100101101000
000000000101001111111010
000000000100101010111011
000000000011111111001110
000000000011101011011000
000000000100110100000100
000000001000000111010111
000000001101010011110110
000000010011100010011110
000000011000110001010010
000000011100100100010111
000000011110000010110101
000000011101010111100001
000000011011010000110010
000000011000010011110001
000000010101010100101001
000000010010110000110100
000000010010001011111111
000000010011010100001100
000000010101100000110100
000000010111101110001011
000000011010000000001001
000000011100101001111011
000000011110100111000101
000000011111010001100001
000000011101110010011000
000000011010111101101011
000000010111010111001010
000000010011010011001110
000000001111101011001000
000000001101010010000100
000000001101010100000000
000000001111011001111111
000000010010111111110001
000000010110001100011110
000000010111111010101010
000000011001010111110000
000000011010010000011001
000000011010101100000100
000000011010100000110011
000000011010100001011110
000000011011000010001111
000000011010101011111100
000000011001100101111000
000000010111100011110010
000000010101011101111110
000000010100000000000110
000000010011011110011001
000000010100110000101110
000000011000001001001101
000000011101001110011000
000000100001111000111001
000000100101000100011011
000000100110001001100110
000000100100100101000010
000000100000101010100100
000000011010111110101111
000000010101111101000000
000000010010101010110010
000000010001101000100001
000000010011100000111000
000000010111000001100000
000000011011110000000011
000000100000100101111111
000000100011111001001001
000000100100111100101110
000000100011001101100111
000000011111001100010011
000000011001110110001000
000000010011101100111111
000000001110100011100110
000000001011100100111111
000000001010001011110110
000000001010101100101111
000000001101000011010110
000000010000111111001001
000000010100001100111010
000000010101101100001010
000000010110100000010001
000000010110100000100000
000000010101000111110110
000000010001000111001101
000000001100011000101000
000000000111011111000001
000000000010001101001110
111111111101110100010100
111111111011011000000111
111111111011110100001001
111111111101011001101101
111111111111110010011010
000000000011001101111001
000000000110100110010010
000000001001001001110100
000000001011000110010100
000000001101011001100011
000000001111101101010101
000000010000100001001110
000000001111010101100110
000000001100101010110100
000000001001100010111010
000000000111001011001011
000000000101111011011101
000000000110101111010001
000000001001100110000011
000000001101110100101100
000000010010100110100100
000000010110100101011000
000000011001001011000000
000000011001100111001010
000000011000000000110101
000000010101010011010001
000000010010011110111101
000000010000101100111011
000000010000001101111100
000000010001011100100010
000000010100010100100010
000000010111100000110010
000000011010011000000101
000000011100010110011101
000000011101011010101110
000000011110000010110101
000000011110001110001100
000000011110011101010101
000000011110011100101001
000000011110000101011110
000000011101101010100101
000000011100111111101000
000000011101011010001111
000000011110010010010101
000000011110011001100111
000000011110010110110111
000000011110101110100010
000000011111101000111001
000000011111100110100111
000000011111010001101100
000000011111111000001101
000000100000110001011010
000000100001010111101111
000000100001100100101110
000000100001101111110010
000000100001100000010100
000000100001001010000010
000000100001010010001000
000000100001111010100010
000000100011100010110110
000000100101101101111100
000000101000100000101100
000000101011001110111010
000000101100110011000111
000000101100110111001001
000000101010110111001100
000000101000011010010110
000000100101010011001000
000000100010001111100111
000000100000000000100100
000000011110011110101110
000000011110010100100001
000000011101101101101110
000000011101110100011110
000000011110011101001000
000000011111011111111010
000000100001010101111010
000000100010001110100110
000000100010101001011100
000000100001010011010101
000000011101111101001100
000000011000011101110100
000000010001010100010000
000000001010101000101101
000000000100111110001110
000000000001100011100010
000000000000101010110011
000000000010000010010010
000000000100100001011010
000000000111000000100101
000000001001001010000101
000000001010011110011011
000000001010010110110000
000000001000111001100010
000000000111001000110001
000000000100110110010101
000000000010110111100101
000000000001100101101011
000000000000110011011111
000000000000110011101010
000000000000111111100000
000000000001100110011101
000000000010011001011000
000000000010111001001000
000000000011001101111010
000000000011010110011010
000000000010111001101001
000000000001111000101101
000000000000110000101001
111111111111011111010001
111111111110011001001101
111111111110000111100101
111111111111101001101001
000000000010110101101110
000000000110011011110101
000000001010000011110101
000000001101011101011110
000000010000000011110001
000000010001011100010100
000000010010010101111000
000000010011000000100011
000000010011100110100011
000000010100101111111100
000000010110000101001110
000000010111000110101101
000000010110111111101101
000000010101111110000111
000000010101010011011001
000000010101100110111001
000000010110110100111010
000000011001000111000010
000000011100011000100101
000000011111011101001001
000000100001000101110010
000000100001001000011111
000000011111111110010111
000000011110001010110001
000000011100111111000001
000000011101011001110000
000000011111110110110011
000000100011100011111101
000000100111110101101111
000000101011100001111010
000000101101001110110011
000000101101100011100000
000000101100101000110111
000000101010111100101010
000000101000110000011010
000000100110111111000110
000000100110011000000001
000000100110011111001111
000000100110111010000001
000000100111001101100011
000000101000001101101000
000000101001100010100001
000000101011100111001010
000000101110100101001001
000000110001111100000111
000000110101011001100011
000000110111110010110100
000000111001000111000000
000000111001000101010110
000000111000000001111010
000000110101101011011100
000000110010010101010011
000000110000000111101000
000000101111010111100010
000000101111010111011100
000000101111001011100000
000000101111010001010101
000000110000000010000110
000000110000000101000100
000000101111100100100000
000000101110111100100100
000000101101110100100100
000000101100101111001110
000000101011111110010001
000000101010111100011001
000000101001010011111000
000000100110110000011101
000000100011100101110010
000000100000100011000001
000000011101001101100110
000000011010001010001010
000000010111100101010000
000000010101100101011010
000000010101001111111111
000000010101110001010010
000000010110111010101100
000000011000010110111010
000000011001000111000001
000000011001010101111010
000000011001010101011010
000000011001001001001001
000000011000101100011000
000000010111101111111011
000000010111000111110111
000000010111000011101101
000000010110011111101110
000000010101001010010101
000000010011000110100110
000000010001001110110110
000000001111110000000100
000000001110100001110000
000000001101111000100000
000000001101110011111001
000000001110001111000000
000000001110110001110101
000000001110100111011000
000000001101101001110001
000000001100011010100011
000000001010100010111100
000000001000111110011000
000000000111110000001101
000000000111000110111011
000000000111011011001100
000000001000010000001110
000000001010101000101110
000000001101110011010000
000000010000111011010000
000000010011101000010101
000000010101001001000111
000000010110011110101101
000000010111100011010101
000000010111101001000000
000000010111001110111101
000000010110011000001100
000000010101010000010001
000000010011101100000011
000000010010001010001100
000000010001011010011000
000000010001101101010111
000000010011000101010000
000000010101110001101110
000000011001001001111111
000000011011100001101110
000000011101001011001101
000000011101101111000101
000000011101111100000010
000000011101100001110011
000000011100101001110101
000000011100110001001100
000000011101001101101001
000000011110011001011100
000000011111111011011101
000000100001100110111101
000000100010100101101001
000000100010100010001101
000000100010001100101101
000000100010010010110010
000000100010111101100110
000000100011100110101110
000000100100010100001001
000000100101000100110001
000000100110000111110111
000000100110010111000111
000000100101110011101110
000000100100111111001001
000000100100011010000110
000000100100000110011000
000000100011010100110010
000000100010110000100100
000000100010010110010011
000000100001111010101000
000000100001101011001010
000000100001011001010001
000000100000111101001010
000000011111101001110100
000000011101010110111010
000000011011001110000000
000000011001101000000000
000000011000110111100000
000000011000110000110101
000000011000111111110111
000000011001111110110010
000000011011011101101110
000000011100011101011011
000000011100101110100100
000000011011101110001000
000000011010000111101010
000000011000010101100011
000000010101111001111100
000000010011010000100110
000000010000111010101111
000000010000101000000110
000000010001100000111111
000000010010110101101001
000000010100100100110100
000000010110100100101101
000000011000001000110100
000000010111011110101101
000000010101111011001111
000000010011101100011101
000000010000011111111101
000000001101010101000110
000000001010100011001111
000000001001010110011110
000000001001111001111110
000000001011010101010100
000000001101100000110111
000000001111010111010101
000000010001100100110000
000000010011111011110101
000000010100100110011011
000000010100100110001011
000000010100010101111111
000000010011111111010011
000000010010100101101110
000000010000100100000100
000000001111100111001000
000000001111011100001010
000000001111111000001111
000000010001000011001000
000000010011001111001000
000000010110110101010010
000000011011000100010100
000000011110101111011110
000000100010000101100001
000000100100011011100010
000000100101110101110011
000000100101101101011100
000000100100000111001110
000000100010110101011011
000000100010010001100110
000000100011010101100001
000000100101100101011001
000000101000111100001101
000000101101000110010011
000000110001011111110011
000000110101010010001001
000000111000010000111110
000000111010101011010001
000000111011010111010001
000000111010101100111101
000000111000011001000010
000000110101010011101001
000000110010001001100110
000000101110111011001001
000000101100101110111111
000000101100000010010011
000000101101100010111100
000000110000011100101000
000000110010111111110010
000000110100110100110100
000000110011111010111000
000000110100100100000011
000000110101000010000101
000000110100011011001011
000000110011010111101111
000000110100001011010100
000000110101001110000110
000000110111010001001000
000000111000101111000111
000000111010010001110111
000000111011111100000111
000000111101010110011010
000000111110101101001110
000001000000100001010000
000001000010001100010001
000001000011011010110011
000001000011101100011100
000001000010110010111111
000001000001001111010101
000000111110111000110101
000000111110110001010001
000000111100011001111100
000000111010010101001101
000000111001001110001110
000000111001001111110011
000000111001010001010111
000000111001000111110100
000000111000110010000011
000000111000000000010010
000000110110110001001010
000000110100011100101100
000000110001010011111110
000000101110000010011100
000000101010100111101111
000000100111110011001010
000000100110011011110000
000000100111011011001110
000000101010001010010001
000000101101000000000010
000000101111110011111001
000000110001110001001000
000000110001100001011011
000000101110101111011101
000000101010111101010011
000000100110100101100000
000000100010011001101011
000000011111110011010111
000000011111010100111000
000000100001001010110000
000000100100001000000111
000000101000000010111010
000000101100010110110100
000000101111101010110001
000000110001000001101110
000000110001000100001010
000000110000000101111011
000000101110000011101101
000000101011001001111010
000000101000010101111000
000000100110110001000000
000000100101111110100011
000000100110111010100010
000000101001110000110001
000000101101010000110001
000000101111111000101101
000000110000110101101000
000000110000010110100001
000000101110011000001110
000000101011010010001101
000000100111011111010000
000000100011110111110101
000000100001111000001111
000000100000111110000010
000000100000011110101010
000000100000010001000110
000000100001010100011110
000000100011110001000011
000000100101000000101100
000000100110000001111001
000000100111010001110111
000000101000100000110110
000000101001010110111111
000000101001000000010100
000000101000110110110100
000000101000010100000111
000000100111000100101111
000000100101110101111010
000000100100111001001001
000000100100100100111110
000000100100111011010000
000000100101100000011110
000000100110010100011100
000000100111101111001101
000000101000111110110010
000000101010000010101000
000000101011000011110010
000000101011101111101100
000000101100100011110010
000000101100110011100100
000000101100111001001111
000000101101100000001000
000000101101110100110001
000000101110100010100111
000000101110111001111010
000000101110111011001010
000000101110100100101110
000000101100110011000100
000000101011000001111111
000000101000110101000100
000000100110100100111111
000000100101001001110000
000000100100110001110101
000000100110000110000000
000000101000101011110010
000000101100110000001000
000000110001010111110001
000000110100101011001111
000000110110000001111111
000000110101101111001100
000000110011111110010111
000000110000101110010011
000000101100101110011101
000000101001100001100000
000000100111100111111001
000000100110111010101100
000000100111010011000010
000000101000110100011110
000000101011011010001111
000000101110010100000101
000000110000111000000001
000000110010111101100111
000000110011111110101001
000000110100010001111000
000000110100001000100011
000000110011000011000110
000000110010001101100110
000000110001100001010011
000000110001100110110101
000000110010100001110000
000000110100011010111111
000000110111110110100101
000000111010111010001110
000000111101110011010101
000000111111111010101001
000001000001001000001000
000001000001111101001111
000001000001101010010100
000001000001010101001001
000001000000110010111000
000001000000011111111000
000001000000100101101010
000001000000011010011111
000001000001000000111011
000001000001111111100010
000001000011011110100000
000001000100111011001100
000001000101010110011001
000001000101000010110110
000001000100000110011100
000001000011010011100000
000001000010010011100101
000001000001010111100011
000001000001101001000011
000001000010011000011111
000001000011001101011100
000001000100000111110100
000001000100101111010011
000001000101101001100001
000001000110000011001110
000001000110010000011101
000001000111010111111110
000001001000110001001011
000001001010010011100001
000001001010011111100110
000001001001011100100000
000001001000000110111001
000001000110011100110110
000001000101000000101111
000001000011111011000011
000001000011110001011101
000001000101000010001110
000001000111001111111111
000001001001001110101010
000001001010011010000110
000001001010010111110011
000001001001101101001111
000001000111111001111011
000001000100010111000110
000001000000101101111110
000000111100111001000111
000000111001111010001000
000000111000010111101101
000000111000010000010011
000000111001100010111000
000000111010100010000101
000000111100000111010111
000000111110010100101000
000000111111010001010010
000000111110111101100101
000000111101101001111010
000000111011100011111010
000000111000101000101000
000000110100110010000101
000000110001010110000011
000000101110111110111011
000000101101110010101100
000000101110010000110011
000000110000011101110011
000000110011101011111101
000000110110110000011101
000000111001000001000010
000000111010100000011110
000000111011000000100000
000000111001010011000001
000000110110100011111011
000000110100000011001010
000000110001100001000101
000000101111011010101110
000000101110000100110010
000000101110011011001111
000000101111100111110000
000000110000111001011010
000000110010011010101111
000000110100000000101100
000000110101010100100000
000000110101110111110001
000000110110000011010101
000000110101100111101001
000000110100111000001001
000000110100011100011100
000000110010110110110100
000000110001010100111010
000000101111111000011101
000000101110111110011010
000000101111010000001100
000000101111100010001111
000000110000101001110010
000000110001010111010010
000000110010000100110010
000000110001110000010111
000000110000110000100100
000000110000000000000100
000000101110100110100100
000000101100110100000100
000000101010110100110001
000000101000110111001000
000000100111101011010101
000000100110011110010001
000000100101100111111110
000000100110000111111011
000000100111101100101010
000000101001111000010011
000000101011110111001100
000000101101111110010110
000000110000000110011000
000000110001100000000010
000000110001111111000101
000000110010001011110100
000000110010001000101001
000000110001010011110110
000000110000011111111100
000000101111111110001100
000000110000000100111001
000000110000100011001011
000000110000111001110100
000000110001001100000110
000000110001000111001111
000000110001010010000011
000000110001100111111001
000000110001011011110011
000000110000111011011000
000000110000100110100101
000000110000101100110001
000000110000011010000000
000000101111101000011111
000000101111001101111011
000000101110110100010111
000000101110100011011010
000000101110001111111001
000000101110000111011101
000000101110010001001000
000000101110010010100001
000000101110011111001101
000000101101111101010011
000000101101001001101110
000000101011111100000110
000000101010010111101101
000000101001010000110110
000000101000011010100001
000000101000000101100000
000000100111011101111000
000000100110100010011001
000000100101101101101011
000000100101101010011100
000000100110010010100100
000000100111100001001110
000000101001110110001100
000000101101000001000000
000000110000110100011011
000000110011000010000001
000000110011101100100101
000000110011000001010000
000000110000100011000001
000000101110000000000100
000000101011100100111101
000000101010010000001010
000000101010001100101101
000000101011011111111110
000000101110100111111100
000000110001110011010111
000000110100110001111001
000000110111001110000000
000000111000011101101000
000000111001001111010100
000000111001101000001100
000000111010000010110100
000000111010001010001101
000000111010001001110101
000000111011110011111010
000000111110011100011101
000001000001000101010100
000001000001111110100111
000001000101001011111011
000001001000001011011111
000001001011101110111111
000001001101111100000111
000001001101101011000101
000001001101010001110111
000001001011110000100011
000001001010111110001010
000001001001110000000001
000001001000100010101110
000001000111100000000110
000001000111001001111111
000001000111011000001100
000001000111000001001110
000001000111000111111001
000001001000000010111001
000001001001000011100010
000001001001111100010011
000001001010100110110010
000001001010100100100000
000001001000110001000001
000001000101010010101011
000001000000101001000011
000000111011010000000101
000000110110001110011110
000000110010010011110000
000000101111111110010011
000000101111001000010100
000000110000001100100000
000000110010011101001110
000000110100100100000101
000000110110110110001110
000000111001001001000011
000000111011000100011000
000000111011100100000111
000000111010011000101011
000000111000010000000011
000000110101010001110001
000000110010000100001010
000000101111000110111010
000000101101100111011001
000000101101100110100011
000000101110100111000010
000000110000110101100101
000000110011110001111100
000000110110110000011110
000000111000010111111110
000000111001000110110111
000000111000111111000100
000000110111100000101110
000000110101101011011011
000000110100000000111101
000000110011010000011100
000000110011010010101000
000000110100110010111010
000000111000000100011001
000000111011011000010101
000000111110010010001111
000001000001000000100111
000001000011010011001110
000001000100101100111001
000001000101010111000100
000001000101110000010000
000001000101110101001101
000001000101110001001111
000001000110001000000111
000001000110100010101011
000001000110011111011110
000001000110001000101110
000001000101101101011000
000001000101010010001011
000001000100010111011000
000001000011010111010101
000001000010011111001000
000001000001101100011101
000001000000101010011010
000000111111001100100111
000000111110000000011110
000000111100110001000010
000000111011011010110100
000000111010001011100011
000000111001100101110111
000000111001111111001110
000000111010011101101000
000000111010101011111101
000000111011000101100000
000000111011101110011100
000000111011110110111101
000000111010110100000101
000000111001010111011011
000000111000000011000110
000000110110111001111111
000000110110001011101001
000000110110001110000100
000000110111001100111101
000000111000010101100011
000000111001110101000101
000000111011101100110010
000000111101000001011011
000000111101010101011100
000000111100011111010001
000000111010011110001010
000000110111011001100100
000000110011010001000011
000000101110100101000111
000000101010110101111111
000000101000010111011111
000000100111010001001011
000000100111110101111110
000000101001111111001011
000000101101010010000001
000000110000011000001111
000000110011000010000100
000000110101011010000101
000000110110110110000010
000000110111000100110011
000000110110000111000011
000000110100110011010110
000000110011101001111111
000000110010101111011111
000000110010100000101001
000000110011001111111110
000000110101010110110101
000000110111010110011111
000000111000110000101111
000000111001111100010001
000000111010011011010011
000000111010000110100111
000000111000111101001010
000000110111111100101001
000000110110010111100111
000000110100000111100001
000000110001011011111111
000000101111000010001101
000000101111011101111011
000000101101111010010001
000000101101010000010101
000000101101101100111000
000000101110111011101001
000000110000011001010000
000000110001011010110000
000000110001001111111110
000000101111111100011010
000000101110010011000100
000000101101001011100100
000000101100001110001110
000000101100001100101111
000000101100111000110100
000000101101110111111111
000000101110100100010110
000000101110100000001010
000000101110010101100000
000000101101110100001001
000000101101011110001100
000000101101000111010100
000000101101100011011010
000000101110110100100101
000000110000010000000000
000000110001111101010000
000000110011010111111100
000000110101010100100000
000000110110101000111000
000000110110111011000001
000000110110111111111011
000000110111011001101000
000000111000000001010100
000000111000000001001011
000000111000001000001100
000000111000101110001001
000000111001011100000100
000000111001110100010111
000000111010010101110011
000000111011010111110111
000000111100100010010101
000000111101100111001101
000000111110010010100011
000000111111000011111111
000000111111010110100100
000000111111000011001000
000000111111000011000101
000000111110100010101111
000000111101101101010010
000000111100011001011100
000000111010111011010001
000000111001011011101110
000000110111010001000110
000000110101010010111000
000000110011101010011111
000000110010010100000011
000000110001011001011000
000000110001000000001110
000000110000101110110001
000000110000110011101110
000000110001000101001010
000000110001011100011100
000000110001011001110100
000000110000101011110010
000000101111111110111110
000000101110111010101110
000000101101110101010111
000000101100100001000100
000000101011010101010100
000000101010101010001110
000000101010100010101001
000000101010100101011001
000000101010111111101101
000000101100010110000111
000000101101111010001111
000000101111011000001101
000000101111111101101011
000000110000001101101100
000000101111110101100000
000000101110011011101111
000000101100110011111011
000000101011000010111000
000000101001110101110100
000000101001101011001101
000000101010000000110111
000000101011001000000100
000000101101001100000111
000000101111010000101101
000000110001001111111001
000000110010110110110001
000000110100011101000110
000000110101100010111010
000000110101011111011010
000000110101010000001101
000000110100111111011100
000000110100011011000001
000000110011010111000111
000000110010010000010100
000000110001011011001100
000000110001000100001111
000000110001000011111001
000000110000111110011011
000000110000110011110000
000000110000101010101000
000000110000100101011110
000000110000000100100110
000000101110110001110111
000000101101001110010010
000000101100001001110000
000000101011000001011001
000000101001100011010100
000000101000010000010111
000000100111001010010111
000000100110110000010101
000000100110100101111110
000000100110100101000010
000000100110101111011000
000000100110010111001001
000000100101110001011100
000000100100101101000011
000000100011000100111110
000000100001000110011011
000000011111001101001100
000000011110011010110111
000000011110100100110101
000000011111101101001001
000000100001011000111011
000000100011111100110101
000000100111000000101111
000000101001001100011101
000000101010101000001001
000000101010111011111101
000000101010001111000111
000000101000111101101100
000000100111110100100111
000000100110110110000010
000000100110001001001101
000000100101101111100011
000000100101100110010000
000000100101110101101011
000000100101110100100100
000000100110001010000001
000000100110011010111100
000000100110010010010010
000000100110100001001110
000000100110101111110110
000000100110111100111011
000000100111000100111110
000000100110110011010110
000000100111010001010101
000000101000001111000010
000000101001000011001011
000000101001111111111001
000000101010110111101011
000000101100000100011001
000000101101001001011001
000000101101011000010111
000000101101000110110111
000000101100100000010101
000000101011100001001011
000000101010011110010011
000000101001001110110100
000000101000101101011100
000000101000101001001000
000000101001001010011010
000000101010101100100101
000000101100010110110111
000000101110000111111010
000000101111010110000010
000000110000101100000000
000000110001010000101101
000000110001001000010001
000000110001000110111110
000000110000110101100000
000000101111111011100100
000000101111000111111100
000000101101000010100100
000000101011001101011111
000000101001111000001011
000000101001000100010000
000000101001100110111010
000000101010100110011111
000000101101100110100011
000000110001000011010000
000000110011110011111001
000000110101100001010110
000000110110000011001111
000000110101101110010011
000000110011110111001001
000000110000101100010111
000000101101011101010101
000000101010010111111000
000000101000011001000100
000000100111001101101101
000000100111000110010100
000000101000100001011000
000000101010100000001101
000000101100110101010011
000000101110011101100111
000000101111000010110111
000000101110010100110010
000000101100001001000100
000000101001000000011000
000000100100111011010101
000000100000100000000001
000000011100011110011001
000000011001000110000010
000000010111001011001001
000000010111000010100111
000000011000000010011011
000000011010001010100110
000000011100111011000100
000000100000000111110100
000000100011000111100010
000000100101000100011001
000000100110010111100010
000000100110101010111101
000000100101111000010111
000000100100010101101011
000000100010011111000110
000000100001010110010100
000000100001010101000100
000000100010111111000011
000000100101111101111101
000000101001011111010010
000000101101100010010100
000000110001011010110000
000000110100100010101101
000000110110001000001001
000000110110011101010000
000000110110001000011010
000000110101000110101000
000000110011111100101000
000000110010101001000001
000000110010001001001000
000000110010111101010100
000000110100100101111110
000000110110101011001000
000000111000101010000100
000000111011001001101111
000000111101011111110101
000000111110101111011101
000000111110010000100110
000000111110100011011010
000000111110011100001010
000000111101111100000001
000000111101001111000010
000000111100110101011111
000000111100011101110100
000000111100111111001000
000000111101011101010101
000000111110000011010100
000000111110001100011010
000000111101101101001010
000000111100100001010001
000000111010111000011111
000000111001100111111001
000000111000001100010011
000000110111001000001100
000000110110100000101111
000000110101110101100001
000000110101010101010111
000000110100010010100111
000000110011000111010000
000000110001110101111010
000000110000100100000011
000000101111110000100110
000000101110111000111111
000000101110001110101100
000000101101110111000100
000000101101100101011011
000000101101010011110010
000000101100101001100010
000000101011110010010101
000000101010101000110000
000000101001001111100011
000000101000001010000110
000000100111001111011000
000000100110111000110111
000000100111000010101010
000000100111110000011011
000000101001000011110010
000000101001110101100100
000000101010010111101110
000000101010001010100110
000000101001010001001010
000000100111111111100111
000000100110010010000101
000000100100111010111111
000000100011110011010000
000000100011110010110101
000000100101000110101010
000000100110101001110010
000000101000010111101011
000000101010100001111001
000000101100101011100100
000000101110000000110000
000000101101111100010101
000000101101011101001100
000000101100110101010000
000000101011000101101000
000000101001001001010100
000000100111011101101011
000000100110000001010101
000000100101010011001000
000000100101011100100110
000000100110011011001000
000000100111101001010001
000000101000011100101010
000000101001010001000101
000000101001010101011011
000000101000010001010101
000000100110100111110000
000000100100011111110010
000000100010110010110000
000000100000110111101000
000000011111000011100001
000000011101011101101001
000000011100010101100101
000000011100000011011010
000000011011110110000010
000000011100001010000011
000000011100010110000011
000000011011101111001110
000000011010011001101001
000000011000011110101101
000000010110001100001111
000000010011011011000001
000000010001000100001101
000000001111111001010010
000000001111011111110100
000000001111101110010101
000000010000010000101011
000000010001010110001011
000000010010010111000110
000000010010111001110100
000000010011001110011000
000000010011001011100110
000000010011000101001110
000000010010110101011001
000000010010110001000000
000000010010101101100101
000000010010011110010111
000000010010100100010010
000000010011011111111100
000000010101010010000101
000000011000000111001111
000000011011010111110001
000000011110111000100101
000000100001110100001000
000000100011001001110100
000000100011001110110100
000000100001100001101010
000000011110111100001001
000000011100000101101001
000000011010001011011111
000000011001110111010001
000000011010110001000011
000000011101000100000010
000000100000001010000001
000000100011100011000010
000000100110100010011011
000000101001001101001010
000000101010111010000000
000000101011100101100000
000000101011011010011101
000000101010001111100001
000000101000100010010001
000000100110101011101000
000000100101110101110100
000000100101111101010111
000000100111011101101000
000000101010000011011101
000000101101000111100011
000000110000001000101010
000000110010000001111001
000000110010111111110001
000000110010101000100101
000000110001010010100100
000000101110111011110110
000000101110110011101010
000000101100000101000111
000000101001110100001001
000000101000010011001100
000000100111000011101110
000000100110000101101001
000000100101101011110101
000000100101011110101001
000000100101010100000110
000000100100111000101000
000000100100010111010100
000000100100000000001010
000000100011011010011100
000000100001110101111101
000000011111110111110111
000000011110000101001101
000000011100111100000101
000000011100101000100101
000000011100011000110101
000000011101000100101011
000000011110011000110001
000000011111100001010110
000000100000011000000111
000000100000001111001001
000000011111101111000001
000000011111000110111010
000000011110011110101110
000000011101100001000011
000000011100111001111011
000000011100111001001001
000000011100111011100011
000000011101101101110000
000000011110001111011111
000000011110101110011111
000000011110111001110101
000000011111001001000111
000000011110110011101100
000000011101001000000111
000000011011011001001000
000000011001101011011000
000000010111100101000000
000000010101011001010001
000000010011101001101010
000000010011101000001011
000000010011110011011100
000000010100000110000011
000000010101000001110100
000000010110010001110011
000000010111110011000000
000000011000001011101110
000000011000001111010010
000000011000001101000111
000000010111101100100100
000000010110101001111100
000000010100111100101000
000000010011011000010101
000000010010010011100000
000000010001000010111101
000000010000001001010101
000000010000000001110010
000000010000000111110001
000000010000010111010101
000000001111111100110100
000000001111010000010111
000000001101100100000010
000000001010110110111101
000000001000001001011101
000000000101011101011011
000000000011010111100000
000000000001101010101011
000000000000111111101010
000000000000110101111011
000000000000111110100110
000000000001101011110100
000000000010011011100010
000000000011000010101000
000000000011001011011010
000000000011000011101100
000000000010100111101101
000000000001100110100111
000000000000010110011001
111111111111101001001110
111111111111011011100100
111111111111101101110010
000000000000111001101011
000000000010110101111011
000000000101001000001010
000000000111001111011011
000000001001000000110100
000000001010101110010010
000000001011101101011000
000000001011100000101010
000000001010101001100011
000000001001001011011110
000000000111100001100110
000000000101100111111010
000000000011111101111001
000000000011001001001111
000000000011010001010111
000000000100011010111110
000000000110001101100111
000000001000001100011001
000000001001011110110011
000000001010100001010100
000000001011000110001001
000000001011011000100000
000000001011110001110001
000000001011101100010101
000000001011110110011011
000000001011111000101011
000000001011100010111101
000000001010111010101000
000000001001110101001001
000000001001100100000101
000000001010010001101010
000000001011111010110101
000000001110011100000110
000000010000100101001010
000000010010110101111010
000000010101000000011011
000000010110001010110111
000000010110010110010000
000000010110000110000100
000000010110100101011011
000000010111001011011000
000000010111100100101101
000000010111101100111001
000000011000011011110101
000000011001101100110101
000000011010110011000101
000000011011100111101111
000000011100011011110011
000000011101010000010011
000000011110001110000110
000000011110101010000111
000000011111010001110001
000000011111100101011111
000000011111100000010100
000000011111100000001100
000000011111000101001111
000000011111011011000000
000000011111100001100000
000000011111011110000110
000000011111101100010101
000000011111011110001011
000000011110101010010100
000000011101000101000101
000000011011010001101110
000000011001011010110111
000000010110111111100110
000000010100100100100011
000000010011000101111010
000000010010000101011101
000000010001001011011111
000000010000010101011111
000000001111110011101110
000000001111100101001110
000000001111000110101100
000000001110000001001010
000000001100110011100111
000000001011111001001000
000000001011010000101001
000000001010100010100101
000000001001101110001011
000000001001100101111111
000000001010001011101101
000000001011100111100111
000000001101011101000001
000000010000010111110010
000000010100000001000111
000000010111011111011111
000000011010110100010011
000000011101001111100100
000000011111001000100001
000000011111101111011111
000000011111110111000100
000000100000000111001010
000000100000000100001101
000000100000001110111100
000000100000111100100111
000000100010101001010010
000000100100111100010011
000000100111011000111100
000000101010010011000110
000000101101010111010110
000000101111101010011001
000000110001001101110100
000000110001110011100010
000000110001010101111111
000000101111111111100101
000000101110000011000100
000000101011101100010110
000000101001001111110111
000000100110111111010001
000000100101001101111010
000000100011110011000111
000000100010010001111000
000000100001000010111001
000000011111101000011010
000000011110000010000101
000000011100001011001010
000000011001101010110011
000000010110101110101100
000000010011100001100000
000000010000111100100010
000000001111001110010100
000000001110010011011011
000000001110011110101110
000000001111110100001110
000000010001111111010011
000000010011110001101111
000000010101001010001010
000000010110000011000111
000000010110010100001011
000000010110001011110110
000000010101000101000110
000000010011100111001011
000000010001111101111110
000000010000101111001001
000000010000010111101111
000000010000001111000001
000000010001000000001100
000000010010001100100111
000000010011100000100010
000000010100110110001100
000000010101100010111001
000000010110000000111100
000000010101110111110110
000000010101010110110001
000000010100111000010000
000000010100010010011010
000000010100000010101100
000000010100010110011000
000000010101011100111001
000000010111010110111001
000000011001101110011000
000000011011111111000000
000000011101010100110100
000000011101101010101010
000000011101100001101010
000000011100011010010111
000000011010001101110011
000000010111111101010010
000000010110000111001110
000000010100100001101011
000000010010111100000101
000000010010000001000111
000000010001110001001001
000000010001111010001100
000000010010100010001101
000000010011010101011001
000000010011111000000101
000000010100000100011100
000000010011111000001101
000000010010111010011110
000000010001001011111011
000000001110100100100111
000000001100001111010001
000000001010010110001001
000000001000101011000000
000000000111110110001110
000000000111110110101000
000000001001001011011110
000000001010111010110001
000000001101001011000110
000000001111101110101110
000000010001101011110011
000000010010111111100010
000000010011011100000010
000000010011011100110111
000000010010110101110000
000000010010011111111010
000000010010110001001001
000000010011110101111000
000000010101110010111000
000000011000000110010000
000000011010101010001101
000000011010101111110111
000000011100111110000000
000000011110110000110100
000000011111101111011010
000000011111100101101011
000000011110110000001101
000000011101100001001001
000000011100000010010100
000000011010101101010011
000000011010000011100101
000000011010011101010000
000000011011011001011011
000000011100100011100100
000000011110000010110101
000000100000000000011000
000000100010100101111010
000000100101000010010010
000000100110010100000001
000000100111010100100000
000000100111100110110111
000000100111000001010011
000000100101001011100111
000000100001111010111000
000000011111010011001110
000000011101000011000110
000000011011011110010101
000000011010100111100110
000000011010000111001101
000000011011001011101000
000000011100110000010011
000000011101101000000110
000000011101011011100000
000000011101110110110001
000000011101110011001101
000000011101100110000000
000000011100101110010111
000000011011110011001110
000000011011011111111011
000000011011000010001011
000000011010011110110000
000000011010010101111110
000000011001111011010111
000000011000101110100100
000000010110111101001111
000000010101011010010001
000000010011011101011001
000000010001010100000110
000000001111100010110101
000000001110001101001010
000000001101001010110011
000000001011111000101001
000000001011001111100011
000000001010010100111011
000000001001010100010110
000000001000011100100100
000000000111011101001010
000000000110110001001001
000000000101010100111001
000000000100000011010110
000000000010110111001100
000000000001010001111100
111111111111000111100010
111111111101000011011110
111111111011110001011000
111111111010011111001100
111111111001100011101111
111111111000111011101001
111111111000111000110000
111111111000011011001110
111111110111110101011110
111111110111001111100010
111111110110001111000100
111111110101011001001110
111111110100100010101001
111111110100110001001110
111111110100111110101010
111111110101010111110101
111111110111000011110000
111111111000101111011011
111111111010100100111100
111111111011110011011000
111111111100110011110110
111111111110000010111001
111111111101110011111011
111111111101100000100101
111111111101000001110101
111111111100110111001110
111111111101001001011111
111111111100110010010110
111111111101000001011101
111111111101011000101101
111111111110010110000100
111111111111100110111110
000000000000011100010000
000000000001010001001111
000000000011001000000001
000000000100111101011100
000000000110111101110011
000000001001000111110101
000000001011011101110110
000000001101100010101010
000000001111000110111011
000000010000011010000101
000000010001110000101101
000000010011000010110100
000000010011101000011000
000000010100000001101000
000000010100010010011110
000000010100101001001100
000000010100101100001011
000000010100101111001000
000000010101010101011100
000000010101101010101101
000000010101111000001101
000000010101101000010001
000000010101001010100001
000000010100101000101100
000000010100100111000101
000000010100110100100110
000000010100101010111000
000000010100101001110011
000000010100100010011000
000000010100110110000001
000000010100011101101111
000000010011111111111101
000000010100011100001111
000000010100110101110001
000000010101010000011011
000000010101010110111010
000000010101111110011001
000000010110111101101111
000000010111111110001011
000000011001001100011111
000000011001010000111001
000000011010011001001101
000000011011000111000000
000000011011110110110111
000000011100101110001101
000000011101001110000001
000000011101001101000100
000000011101000010001000
000000011101001100000001
000000011101000100001011
000000011100110001000011
000000011100000010011000
000000011011100010110000
000000011010111001011110
000000011001101101011101
000000011000011010011101
000000010110101100010101
000000010101000101111011
000000010011101111110100
000000010010101110100000
000000010001101010110110
000000010001100011010011
000000010000011111110111
000000001111111011011010
000000001111111010111011
000000001111100111000001
000000001111011111011110
000000001111110000010101
000000010000000111110010
000000010000100111001100
000000010000110001010100
000000010000111011000011
000000010000101100001110
000000010000001100010101
000000001111101100011000
000000001110011001001000
000000001100011100110001
000000001010100011001000
000000001000111011000101
000000000111110111101100
000000000111000010001101
000000000110110000010010
000000000111001111111100
000000001000000010000011
000000001000111001100110
000000001001010010101001
000000001001011010100100
000000001001100110111110
000000001001100101111101
000000001001001101001110
000000001000100100110001
000000001000001010010100
000000000111110010000110
000000000111001101000011
000000000110111101001000
000000000111001000110010
000000000111010101100010
000000000111000100010111
000000000110110111110100
000000000110111100100110
000000000110010011010111
000000000101011000010100
000000000100011110001101
000000000011100000110110
000000000010011101011111
000000000001011110011000
000000000001001001111101
000000000001010011100100
000000000001100011010001
000000000010001010010100
000000000011000001010001
000000000011001010000000
000000000010101101110111
000000000001110001100101
000000000000001000101101
111111111101111110101001
111111111011100100111111
111111111001110101110011
111111111000010110111111
111111110110101111101111
111111110110010000111000
111111110110011101111101
111111110111010111011011
111111111000000000111111
111111111001100100110110
111111111011011011001101
111111111101001100010101
111111111110100000011101
111111111110111001010100
111111111111000100000001
111111111110010110001111
111111111101010111011111
111111111100100110111000
111111111011100010100010
111111111010111001010110
111111111011000101100100
111111111011110110100010
111111111100111011101011
111111111101110100110100
111111111111001111100010
000000000000101001100101
000000000001100010100010
000000000010011101000110
000000000011010011100011
000000000100101010001110
000000000110010001101000
000000000111111100100000
000000001010001001001111
000000001100100101100110
000000001111100111110001
000000010010110010001101
000000010101011111011111
000000010111111111001001
000000011010000000000010
000000011010111100100010
000000011010111110011010
000000011010011111001000
000000011010001110011111
000000011010001011111101
000000011010001101101010
000000011011001111010110
000000011100110001110011
000000011110111011111000
000000100001010111001011
000000100011100111001011
000000100101111101000100
000000100111111100101101
000000101001101110010101
000000101011000011111110
000000101011100100110111
000000101011101000111010
000000101011000100001001
000000101010001010111000
000000101001011111000111
000000101000101100010101
000000101000010110101110
000000101000001111011110
000000101001000001011010
000000101010000011110111
000000101010011001101100
000000101010111100111010
000000101011001010101110
000000101011101100000011
000000101011100011000010
000000101010110100000110
000000101010101010110101
000000101010000110011001
000000101001111100000100
000000101010000011101010
000000101010011011011110
000000101011010101110100
000000101100000010111000
000000101100110100101100
000000101100100010000000
000000101011010001000010
000000101001110100111010
000000100111111001110000
000000100110011011110010
000000100101001101100100
000000100100110101011111
000000100101011000011001
000000100110010001111010
000000100111100010111110
000000101000011011101000
000000101001000100100010
000000101001010101001100
000000101001011010111011
000000101001010000100000
000000101001010101100100
000000101001000111101110
000000101000011000110110
000000100111111101001100
000000100111001100111010
000000100110011100100110
000000100101011111100010
000000100100111010010001
000000100101001110000100
000000100101110010010101
000000100110011001101011
000000100111000011101100
000000100111101010110101
000000101000001001100101
000000101000001000010101
000000100111010001101010
000000100110100011001100
000000100101111100001101
000000100101111000011011
000000100101001110111011
000000100100100110111111
000000100100001010101001
000000100100000010010010
000000100011111101111010
000000100011110001011110
000000100011000101111010
000000100001101101110010
000000011111111100101001
000000011110010110101100
000000011100110111100111
000000011011010100110101
000000011010101001011011
000000011010101110011111
000000011011011001100001
000000011100001011110001
000000011100100010110101
000000011101000100100110
000000011100100111101010
000000011011010010110110
000000011001001110101110
000000010110011111010001
000000010011110000100001
000000010000100100000010
000000001101010011110100
000000001010111000111111
000000001000110110000011
000000000110111101011111
000000000101011110010101
000000000100001011011000
000000000011010010110111
000000000010000110011010
000000000000111110011100
111111111111110111000000
111111111101111101010101
111111111100001000100011
111111111010100101110001
111111111001011010011011
111111111000011100000101
111111111000010110110000
111111111001011011100110
111111111010110100101100
111111111100111010000111
111111111111000111000101
000000000001001110111111
000000000010111100001100
000000000010100100111001
000000000011011000000000
000000000100001001100100
000000000100010100010100
000000000100010000101110
000000000100101000011011
000000000100110101101100
000000000110000001001001
000000000111101100000000
000000001001001101100100
000000001010011111011100
000000001011110100010101
000000001100110101011001
000000001101011100100101
000000001101110000100010
000000001101101011110000
000000001101010111111100
000000001100011011010010
000000001011010110001111
000000001001111111000010
000000001000001000111001
000000000110110110111010
000000000101110110110110
000000000101010101111111
000000000100100100110010
000000000011101111101011
000000000011000010011010
000000000010001100100111
000000000001101010000111
000000000001010000110010
000000000001100000111111
000000000001100100100110
000000000001100100001100
000000000010000010010111
000000000010101011011000
000000000011011011100010
000000000011111011011001
000000000100111111011000
000000000110011100100000
000000000111010100011111
000000001000000001011011
000000001000011110010011
000000001000100000111010
000000001000001011010101
000000000111100100011110
000000000110110100110011
000000000101100111100011
000000000100100001010001
000000000011111011100001
000000000011011011110011
000000000011010110101110
000000000011110110101110
000000000101001100001101
000000000110101101101110
000000000111110101111000
000000001001011001110111
000000001010011101110110
000000001011010010101111
000000001100000010110111
000000001100101001000101
000000001101101001111100
000000001110001111111111
000000001110111101000110
000000001111101000101110
000000001111101001100100
000000001111010101001000
000000001110111110111000
000000001110100100010010
000000001110001100010000
000000001101101001111111
000000001101000000010111
000000001101100001000000
000000001110100101000101
000000010000000001010000
000000010001101101000001
000000010011101100001101
000000010110100010001000
000000011000100000100110
000000011010010000111001
000000011100001100011111
000000011101111101110111
000000011111101000111110
000000100000011011111111
000000100001011010100110
000000100010000111000101
000000100010010011100110
000000100010110001000101
000000100010110011001101
000000100011001111001110
000000100011110001001111
000000100100010010100111
000000100101010100101111
000000100110000000110111
000000100111001010001001
000000100111111110010111
000000101000001110111110
000000101000110110000110
000000101001000010000010
000000101001100010001100
000000101010010101111110
000000101011011001100100
000000101100110000100000
000000101101101001000000
000000101110101110010001
000000101111001100000100
000000101110101100010011
000000101110000000011111
000000101100101001001010
000000101011100000111011
000000101010010101001011
000000101001011000011100
000000101001010011100010
000000101001001100111101
000000101001100101000111
000000101001101111100000
000000101010000101011010
000000101010100110011010
000000101010100101000000
000000101010101001011010
000000101010110010011001
000000101010110111101011
000000101010010011011111
000000101001001001001101
000000100111110000010100
000000100101111110011101
000000100011101010011111
000000100001010000110110
000000011110111101110000
000000011101000010000111
000000011011101010010110
000000011010100101110000
000000011001110110100100
000000011001100010000001
000000011001100001100100
000000011001011100000110
000000011001000010001011
000000011000011110111100
000000011000000110011000
000000010111000011010100
000000010101011010111000
000000010100001100010110
000000010011001000010100
000000010010001011001011
000000010001000111001010
000000010000011001111111
000000010000001000111110
000000001111010111011000
000000001110011110000010
000000001101101100010111
000000001101000001111010
000000001100001101011100
000000001011010110111110
000000001010111011111110
000000001010101111101101
000000001010101100011100
000000001010100000101110
000000001010101101100001
000000001011000110111010
000000001011111111011100
000000001101001011001000
000000001101110100101000
000000001110111010010101
000000001111101110010110
000000010000011001110100
000000010000101011101010
000000010000011010110011
000000010000110010000101
000000010000110001101011
000000010000101101110100
000000010000111111000110
000000010001011111000110
000000010010010001000000
000000010011000000011110
000000010100000101111011
000000010101010011001001
000000010110001001010100
000000010111000000110000
000000011000000111101111
000000011000110000011110
000000011001000000111101
000000011001101011011000
000000011010000101100011
000000011001111011111011
000000011001101010100100
000000011001101010110011
000000011001111110010101
000000011001111000001101
000000011010000100110010
000000011010011001010000
000000011010010100111001
000000011010000101001000
000000011001011101100010
000000011000111100000101
000000011000011111100100
000000010111110011110100
000000010111100000101110
000000010111100001100000
000000010111011110111000
000000010111101101111011
000000011000000110100101
000000011000110000110101
000000011001000101111011
000000011001100000010001
000000011010100011111011
000000011011010110110111
000000011011100001100110
000000011011010010101101
000000011011010101011110
000000011011011010100001
000000011010110111110100
000000011001111101010100
000000011001100000100111
000000011001100001110000
000000011001011100000010
000000011001010000100000
000000011001101111101101
000000011010100111100100
000000011011001111101111
000000011011100110111100
000000011100001000110100
000000011100110001111011
000000011100110001011101
000000011100110011111001
000000011100101110100111
000000011100110011101001
000000011100010101000110
000000011011010111001000
000000011010101000110001
000000011001110010101111
000000011001101100101110
000000011001100001100100
000000011001101100110111
000000011010100011010110
000000011011100101001100
000000011100100011100111
000000011101010100010101
000000011110010010011011
000000011111101100010000
000000100000110010111110
000000100001011010100110
000000100010110011101010
000000100011111001000111
000000100100101011101001
000000100101010110101100
000000100101101100000011
000000100110011111101100
000000100110101001111001
000000100110010100110110
000000100101100001100111
000000100100000011100010
000000100010100110111101
000000100000110101100101
000000011111001100011110
000000011110001101100100
000000011101111000101101
000000011101111101110111
000000011110011000101110
000000011111001001100010
000000011111111100111011
000000100000111111000101
000000100010000010001110
000000100011000001011000
000000100011110011101100
000000100100001001010010
000000100100100110110101
000000100100011010111011
000000100011101100110001
000000100011001101011101
000000100010100111111010
000000100001110101101100
000000100000100001000011
000000011111100011110100
000000011111000101010101
000000011110101001011101
000000011101111111011000
000000011101011000101100
000000011101000010011010
000000011100100010100010
000000011100010010011100
000000011011101000001010
000000011011011010101001
000000011011011100001110
000000011011100001101010
000000011011110011000100
000000011011010101100110
000000011010110110001111
000000011010011000000101
000000011001101000010001
000000011000010100010111
000000010111000111101011
000000010110001010111101
000000010101110010101101
000000010110010110100110
000000010110100111000110
000000010111011111011111
000000011000111001101101
000000011010100010101000
000000011011101111111101
000000011100111100000111
000000011101101110100110
000000011110000100000001
000000011110011010101000
000000011110010110010001
000000011110001000011010
000000011110000001010101
000000011101010011011110
000000011101000011111000
000000011101000101110110
000000011101001101111000
000000011101101011101101
000000011110100001001101
000000100000010111001000
000000100010110101100111
000000100101010010100001
000000100111111011111000
000000101010110011111100
000000101101101110110101
000000110000010111010101
000000110010000101111000
000000110011011000101011
000000110100111010001111
000000110110011000110100
000000110111011110011110
000000111000100000001100
000000111001100000100000
000000111010101010101000
000000111011000001011100
000000111010111011000101
000000111011000111000101
000000111010101110100000
000000111010011011000100
000000111010001010001111
000000111010000010001110
000000111001100111000111
000000111001001110110111
000000111001001001001001
000000111000110110000000
000000111000111011001111
000000111000111111101010
000000111001010001100000
000000111001101001011101
000000111010000011011001
000000111010011001010100
000000111010000110010001
000000111001011010101011
000000111000011110100000
000000110110110101000111
000000110100111111010110
000000110011100001111010
000000110001111110111001
000000110000111011011111
000000110000000111111010
000000101111010010110101
000000101110101101011000
000000101101111011110000
000000101101100010111000
000000101101001011101001
000000101100101101011010
000000101100001110010001
000000101011011001010111
000000101010100101100000
000000101001111001110001
000000101001010110100110
000000101000101011010111
000000101000100111000100
000000101000011000010000
000000100111110001001010
000000100110100110000010
000000100100101110100001
000000100010111001010110
000000011111111111010000
000000011100111100100110
000000011010000001011011
000000010111100100010101
000000010101101010110100
000000010101011001001100
000000010011011111110011
000000010010100011101001
000000010010001011100000
000000010001111101011110
000000010010001110011110
000000010010100101011000
000000010011001011010000
000000010011001100011110
000000010010110100100010
000000010010100001100001
000000010010000110001001
000000010001000111111101
000000001111111011000110
000000001111001111011110
000000001110110010100000
000000001110011101010101
000000001110010010000000
000000001110100100110010
000000001111100000001000
000000010000011101101101
000000010000110101000000
000000010010010010100111
000000010011001001010111
000000010100001110111011
000000010101011100100010
000000010101101111001001
000000010110010011101001
000000010110101010001110
000000010111110010000010
000000011000011011100011
000000011000111100001000
000000011001111101011001
000000011011001100110000
000000011100010000011100
000000011100010101001010
000000011100000100001101
000000011011111001011000
000000011011100011110110
000000011011000100101101
000000011010101110110000
000000011011001111110100
000000011100111100000101
000000011110101111010000
000000100000001101011000
000000100010000110001111
000000100100010111000101
000000100110101100100100
000000101000001110110111
000000101001011001011111
000000101011000011000001
000000101100010111100010
000000101100100111101000
000000101100001101101000
000000101011100100000000
000000101011011001001010
000000101011000011000000
000000101010011100011011
000000101010101110110011
000000101011000110000010
000000101011111001100101
000000101100011101011111
000000101100111100111110
000000101101101100000110
000000101101111000011001
000000101101111110101000
000000101101110111100000
000000101101110001010010
000000101101101001100010
000000101101010000100110
000000101101000101110011
000000101100110001000000
000000101100000000010111
000000101011011101001111
000000101010101000011101
000000101001110110010110
000000101000101000100001
000000100111100111011001
000000100110110011101101
000000100101001010100011
000000100011110000100011
000000100010010111110111
000000100001101100000111
000000100001011111101010
000000100001001000001011
000000100001101100000010
000000100010111011111111
000000100100010110010011
000000100101110111110100
000000100110111101001101
000000101000010000110110
000000101001010000011100
000000101001001100011101
000000101000101011011010
000000100111101000011000
000000100110111001110011
000000100101111101011110
000000100100100001100001
000000100011101011000110
000000100011101101100010
000000100011101110101010
000000100011001101001100
000000100011000111001100
000000100011110011000110
000000100100100110111111
000000100100001111101001
000000100100000011000001
000000100100011010010010
000000100100100100101110
000000100100010000001110
000000100011011000101110
000000100011001000101110
000000100010100101101111
000000100001101001011010
000000100000011101010001
000000011111000101011100
000000011101110010001110
000000011100001101111001
000000011011001001101010
000000011010000111010111
000000011001010110100110
000000011001011100111010
000000011010000110011101
000000011011100010110101
000000011101001111010000
000000011111100001010000
000000100010000100110100
000000100100100010101100
000000100111001011110111
000000101001011010101100
000000101011011111101010
000000101101001011010010
000000101110011011101001
000000101111001000101000
000000101111010010011011
000000101111001111100010
000000101110011101000110
000000101101101101101100
000000101101011101110110
000000101101100000110010
000000101101111010000000
000000101110100111010011
000000110000001100110101
000000110001111001001010
000000110011000001000101
000000110100011000000000
000000110101110001010101
000000110111001011100111
000000111000100101011000
000000111001100101111101
000000111010111111110000
000000111100001101011011
000000111101000110010101
000000111101110101011000
000000111101100001011100
000000111101001110100100
000000111100111001010001
000000111100001111000011
000000111011011000011100
000000111010000111010000
000000111001100101011101
000000111001110001011010
000000111001100010000000
000000111001001111110110
000000111000110100101000
000000111000100111011010
000000111000011101101010
000000111000000000001101
000000110111011110001011
000000110110100010000110
000000110110000000000110
000000110101100001001111
000000110100100111000011
000000110011011111001011
000000110001110001001010
000000101111101110010100
000000101101001101000011
000000101010100100101010
000000100111111011111010
000000100101010010111011
000000100010011110100000
000000100000001001101100
000000011110001100000000
000000011100000101000101
000000011010011000000001
000000011000111011111001
000000011000000111011010
000000010111001101001011
000000010110010011110100
000000010101110111101001
000000010101101101001001
000000010101111000001010
000000010101110010110001
000000010101011101010110
000000010100110101011010
000000010100000101101111
000000010010111011001100
000000010000111001101101
000000001110101001000001
000000001100011100000011
000000001010000111111011
000000000111101000110101
000000000101010111111100
000000000011110001100010
000000000010100000111101
000000000001101011011000
000000000001011101101110
000000000001001111010000
000000000001001000001000
000000000001001101110001
000000000001100100101100
000000000001110111100101
000000000001111110011100
000000000010011100110110
000000000010110010011010
000000000011000001100100
000000000011000011111011
000000000010110110000010
000000000010100100100101
000000000010001011111000
000000000001110010101100
000000000001101001100101
000000000001110000011101
000000000001101010011000
000000000001100110011111
000000000001100111000101
000000000001110110111111
000000000010001111000000
000000000010110000110100
000000000011101000101001
000000000100010110000111
000000000101010100100010
000000000110001110111011
000000000110110101000010
000000000111011010001100
000000000111111111000110
000000001000100110001001
000000001000100010001110
000000000111111110100000
000000000111010010110011
000000000110101011000010
000000000110001010000101
000000000101100011110011
000000000101110111001111
000000000111000001110011
000000001000010000101010
000000001001100001101111
000000001010110011111011
000000001100100011110100
000000001101100101110111
000000001110000111001101
000000001111001011100011
000000010000000011111010
000000010001000101001111
000000010001111000110110
000000010011000010001000
000000010100001100111001
000000010100111000111100
000000010101110111000101
000000010110111010010001
000000010111111110101110
000000011001000001010110
000000011010011100001001
000000011011111100111111
000000011101011001000010
000000011110101100110001
000000100000010011101110
000000100010010101100100
000000100100100010110111
000000100110110011100010
000000101001001110111001
000000101100001011101101
000000101110101010011110
000000110000101010100001
000000110010011010100101
000000110100010010111001
000000110101110100000000
000000110101101101000101
000000110110100101011100
000000110111011011110001
000000110111010100001110
000000110111110100000111
000000111000011001010011
000000111000110110101010
000000111000110101111000
000000111001000010111001
000000111001011010111101
000000111001111101011010
000000111010011101100010
000000111010100001000001
000000111010101000110110
000000111011000110111111
000000111010111010100110
000000111010101101001010
000000111010011000001101
000000111010001001111000
000000111010001000100101
000000111001010010011100
000000111000110010001001
000000111000011001110010
000000110111110001000111
000000110111101010001001
000000110111011010111010
000000110111100010101000
000000110111100001010010
000000110111011101100111
000000110111101100100000
000000110111011111111111
000000110111011100000000
000000110111010101110110
000000110111110010111010
000000110111111010100000
000000110111100100011101
000000110111101111101111
000000110111101110110111
000000110111111000010001
000000110111011110111100
000000110110101000101011
000000110101110011010111
000000110100001110100010
000000110010010110100100
000000110000001001011110
000000101101110100100010
000000101011110000100101
000000101001101011011000
000000100111110110110001
000000100110011010101101
000000100101010111001101
000000100100101010001101
000000100100011110100000
000000100100011000110011
000000100100101100101100
000000100101010000100100
000000100101010100011100
000000100101011111011001
000000100101011011110111
000000100101111010001000
000000100110001010011100
000000100110000101001101
000000100110100111111101
000000100110111100111001
000000100111011000000001
000000100111011110010000
000000101000001011000001
000000101001100011110100
000000101011000001111100
000000101100111101000101
000000101110110111000100
000000110000110000110001
000000110010010001101000
000000110011010011100000
000000110100010101111100
000000110101010011101111
000000110110000001100100
000000110110111101101000
000000110111110110010010
000000111000101100101010
000000111001001001111001
000000111001011100010001
000000111001101110111111
000000111001010001000010
000000111000110011001000
000000111000001011111010
000000110111011111001011
000000110110111101110111
000000110110101100101010
000000110110101100100101
000000110110011101011101
000000110110010100010000
000000110110100100001111
000000110110110100001111
000000110110111111001101
000000110111000110110100
000000110111011100010010
000000110111101110100010
000000110111010110001001
000000110110100001000000
000000110101010000001101
000000110011101110001001
000000110001101011101010
000000101111100111001111
000000101101011110111100
000000101010111101001010
000000101000111101011111
000000100111100111000101
000000100110000101101100
000000100100001100001100
000000100010100000000000
000000100001001100100101
000000011111101100110011
000000011101100011011000
000000011011110000000001
000000011010100000001010
000000011001000001110001
000000010111010110011110
000000010101101000100000
000000010100000010010111
000000010010001100111110
000000010000001110100010
000000001110100100000000
000000001100110000100110
000000001011010001110001
000000001001111101110111
000000001000011011011100
000000000110110011111010
000000000100111101010111
000000000011111001010110
000000000010110001010001
000000000001110001101100
000000000001011111000000
000000000001010010010101
000000000010000101000101
000000000010011001001100
000000000010100010010110
000000000011000100001001
000000000011100010111001
000000000100010011011110
000000000100010110001010
000000000100101100111110
000000000101000001100010
000000000100110110001110
000000000100111000010010
000000000100110011101010
000000000101000011110010
000000000101001111010101
000000000101101101010111
000000000111000000101110
000000001000100000000001
000000001001111100100110
000000001011011001101000
000000001101001110001100
000000001111001011010000
000000010000011011010001
000000010001011001000100
000000010010110001000110
000000010100100011110101
000000010100110111010111
000000010110100111010101
000000011000001111111110
000000011001111111000111
000000011011011011101111
000000011011111101101010
000000011100011010000001
000000011100101101110101
000000011100111010000111
000000011101001110010111
000000011101111001011010
000000011110110101111110
000000011111111010100011
000000100001011000110110
000000100001100001101010
000000100011001110100000
000000100101010110101100
000000100111110101100010
000000101010100110101010
000000101100101010100001
000000101100100000011100
000000101101111110010111
000000101111000010101100
000000101111111101101101
000000110000001100010011
000000101111110010001101
000000101111000011011010
000000101110010011000010
000000101101100001110011
000000101100000111101010
000000101011001110000111
000000101010110101001101
000000101010110010111110
000000101010111111100110
000000101011100011101010
000000101100011111110101
000000101101001111101001
000000101110011000010111
000000101111111010111011
000000110001011000010000
000000110010111001010110
000000110100001100111110
000000110101010100101011
000000110110000111001010
000000110110001100110001
000000110110000101000101
000000110101101011111011
000000110101010001110100
000000110100110001010100
000000110100001011110100