000000000000000000000000
000000000000000000000000
000000000000000000000000
000000000000000000000000
000000000000000000000000
000000000000000100000000
111111111111111100000000
000000000000001000000000
111111111111110100000000
000000000000010000000000
111111111111110000000000
000000000000010000000000
111111111111110000000000
000000000000000100000000
000000000000001100000000
111111111111000000000000
000000010000110100000000
000000011101100000000000
000000011100001100000000
000000011111000000000000
000000011111110000000000
000000100101100100000000
000000101001010100000000
000000100100100000000000
000000011101101000000000
000000010111011000000000
000000010101111100000000
000000010101000000000000
000000010100001100000000
000000010000000100000000
000000001011010100000000
000000001100111000000000
000000010010101000000000
000000011101001100000000
000000100000010000000000
000000011100011000000000
000000010111000000000000
000000010000111100000000
000000010010100000000000
000000010001111000000000
000000001100100000000000
000000000111001100000000
000000000001000000000000
000000000101011000000000
000000001010110100000000
000000001010110100000000
000000001011001000000000
000000001010101100000000
000000010001101000000000
000000011101011100000000
000000100100010000000000
000000011110001000000000
000000010110110000000000
000000010001110000000000
000000001101001100000000
000000001100001000000000
000000001001001100000000
000000001011010000000000
000000001000101000000000
000000001001010000000000
000000001110000000000000
000000001100110000000000
000000001100100100000000
000000001110101000000000
000000010101100000000000
000000011001011100000000
000000011100100000000000
000000100000010000000000
000000100001100100000000
000000100100001000000000
000000100000100100000000
000000010101101000000000
000000010001010100000000
000000010011001000000000
000000011010000100000000
000000100001101100000000
000000100011010100000000
000000100010110000000000
000000100001011000000000
000000100000101000000000
000000100000011000000000
000000100011111000000000
000000100101111100000000
000000100100110000000000
000000100110111000000000
000000101100001000000000
000000101101111100000000
000000101111110100000000
000000111000100100000000
000000111011110000000000
000000111001011100000000
000000111011000000000000
000000111000000000000000
000000110010101100000000
000000101110010000000000
000000101100011100000000
000000101110110100000000
000000101111111000000000
000000110001110100000000
000000111010000000000000
000001000010111000000000
000001000100010000000000
000001000101000000000000
000001000010100000000000
000000111101111000000000
000000111100010100000000
000000111000110000000000
000000110110000100000000
000000110100000000000000
000000110010101000000000
000000110100101000000000
000000111011000100000000
000000111110101100000000
000000111111001000000000
000001000011010100000000
000001000110110000000000
000001000111010000000000
000001000011110000000000
000000111100011100000000
000000110110001100000000
000000110001001100000000
000000101100010000000000
000000101011100000000000
000000110001000100000000
000000111000000100000000
000000111110100100000000
000001000000111000000000
000001000000011000000000
000001000000001000000000
000000111001110000000000
000000110011010100000000
000000110001100100000000
000000101110000000000000
000000101100010000000000
000000101100111000000000
000000101100000000000000
000000101110000100000000
000000110101000100000000
000000111101100000000000
000001000000100000000000
000001000001010100000000
000001000100001100000000
000001000010100000000000
000001000000010000000000
000001000001011000000000
000000111101011100000000
000000110101110000000000
000000101111100000000000
000000101101100000000000
000000110000000100000000
000000110010010000000000
000000110000110000000000
000000101110111100000000
000000110000011100000000
000000110110011000000000
000000111011110000000000
000000111000010000000000
000000110100000100000000
000000110001101100000000
000000101101010100000000
000000101001100000000000
000000100011111000000000
000000011110000000000000
000000011000110000000000
000000010110011000000000
000000010111111000000000
000000011011111000000000
000000100000000100000000
000000100011110000000000
000000101001011100000000
000000101101010000000000
000000110001111100000000
000000110001000100000000
000000100110111000000000
000000011110000000000000
000000011000001100000000
000000010011010100000000
000000010011100000000000
000000011011111100000000
000000100010101000000000
000000100111010000000000
000000101010001100000000
000000100101001100000000
000000011101001100000000
000000010100011100000000
000000010010101000000000
000000010101010100000000
000000011000010100000000
000000011110100000000000
000000100000101000000000
000000100001101000000000
000000100010111100000000
000000100010111000000000
000000100001101100000000
000000011110010100000000
000000010111101100000000
000000001110111000000000
000000001010001000000000
000000000111111100000000
000000000100110000000000
000000000001100000000000
111111111110100100000000
111111111100100000000000
000000000000000100000000
000000001001100100000000
000000010010001000000000
000000010101111000000000
000000010000100000000000
000000000100011100000000
111111111100100100000000
111111110101111000000000
111111101111010000000000
111111101100111000000000
111111101101000100000000
111111110010110000000000
111111111100101100000000
000000001000100100000000
000000001111000000000000
000000010001010000000000
000000010010110100000000
000000001110110100000000
000000001000010100000000
000000000011110100000000
111111111111001100000000
111111111010001000000000
111111111000011100000000
111111110100101100000000
111111110010010000000000
111111111001010100000000
000000000110011100000000
000000001111010100000000
000000001111100000000000
000000010001101100000000
000000010100101000000000
000000010100010100000000
000000010010110100000000
000000001101111100000000
000000001110001100000000
000000001011110100000000
000000000101011000000000
000000001000100100000000
000000001011000000000000
000000001100100000000000
000000010010101100000000
000000011010111100000000
000000100000101100000000
000000100100110000000000
000000101001111100000000
000000101010010000000000
000000101000110100000000
000000100011111000000000
000000100000011000000000
000000011100011000000000
000000010110010100000000
000000010111001100000000
000000011010111000000000
000000011111101000000000
000000100100001100000000
000000100111100000000000
000000101000001000000000
000000100111101000000000
000000100101100000000000
000000100000101000000000
000000011011010100000000
000000011010111100000000
000000011101001000000000
000000011111100000000000
000000100111000000000000
000000101101100100000000
000000101111010000000000
000000101101111000000000
000000101011110100000000
000000101101110100000000
000000110000011100000000
000000101100111000000000
000000100111110000000000
000000100000100000000000
000000011011010100000000
000000011110000000000000
000000100100101000000000
000000101100100100000000
000000101101011000000000
000000101001100000000000
000000101100001100000000
000000110010111100000000
000000111001110100000000
000001000000001000000000
000001000001101100000000
000000111101110100000000
000000111011010000000000
000000111010010100000000
000000110000001100000000
000000100100111100000000
000000100101010000000000
000000101101000000000000
000000110110111000000000
000000111001111100000000
000000111100101000000000
000001000011110100000000
000001000111100000000000
000001001011101000000000
000001001000011000000000
000001000001000000000000
000000111110110000000000
000000111011111100000000
000000111010111000000000
000000111101010100000000
000000111111110100000000
000001000010110100000000
000001000000111000000000
000000111110010000000000
000000111111101100000000
000000111101101100000000
000001000000111100000000
000001001000101100000000
000001001001110000000000
000001000011011100000000
000000111111001000000000
000000111110001000000000
000000111110110100000000
000000111111110000000000
000000111111011100000000
000000111101100000000000
000000111101000100000000
000000111101101000000000
000000111110000100000000
000001000000001100000000
000000111101000100000000
000000111110001000000000
000000111011101100000000
000000111000110100000000
000000111001010000000000
000000111101001100000000
000000111110101100000000
000000110100001000000000
000000101101001000000000
000000100100011100000000
000000100011001000000000
000000101010111000000000
000000110000001100000000
000000110100000100000000
000000111000101100000000
000000111000100000000000
000000110101011100000000
000000110010000000000000
000000101000110000000000
000000100011000000000000
000000100010011000000000
000000100001101000000000
000000100100000100000000
000000100111110100000000
000000101001100000000000
000000101111110100000000
000000101111011000000000
000000101101000000000000
000000101011011100000000
000000100110111100000000
000000101000000100000000
000000100100011000000000
000000100100011000000000
000000100110011000000000
000000011111011100000000
000000100000001100000000
000000100101111000000000
000000100111111000000000
000000101011000000000000
000000100111111000000000
000000100101000100000000
000000100101110000000000
000000100010001100000000
000000100001100100000000
000000100010110000000000
000000100010100100000000
000000100000111000000000
000000011110100100000000
000000011011111100000000
000000011010111000000000
000000011100100100000000
000000011011000000000000
000000011110101100000000
000000100001000000000000
000000011110001100000000
000000011101011100000000
000000011011101000000000
000000011101011100000000
000000011111100000000000
000000100000000100000000
000000011111111100000000
000000011101110000000000
000000011111000100000000
000000100111101100000000
000000101101011000000000
000000101010010000000000
000000100110001100000000
000000100100100000000000
000000100110000000000000
000000101010000100000000
000000101011000100000000
000000100111111100000000
000000100000001100000000
000000011010001100000000
000000011000001000000000
000000010110000000000000
000000010111011000000000
000000011000100100000000
000000011011111000000000
000000100000111100000000
000000100100001100000000
000000100110001100000000
000000100010011100000000
000000011011110000000000
000000011011001100000000
000000011110010000000000
000000011101011000000000
000000011111110100000000
000000100010100100000000
000000100000111000000000
000000100001000000000000
000000100011010100000000
000000100010100100000000
000000100010101000000000
000000100001101000000000
000000011111101100000000
000000011110101100000000
000000011010000100000000
000000011000111100000000
000000011000011000000000
000000011001100100000000
000000011111110100000000
000000101000101100000000
000000101010001000000000
000000100101101100000000
000000100000101000000000
000000011010101000000000
000000011010110100000000
000000011001010100000000
000000011010000100000000
000000011100111000000000
000000100000010100000000
000000100101000100000000
000000100101000100000000
000000100101110100000000
000000100010111000000000
000000011110111100000000
000000011110101100000000
000000100001001000000000
000000100011011000000000
000000100100010000000000
000000100100110000000000
000000100100000000000000
000000100010111000000000
000000011110111000000000
000000011010111100000000
000000011100111100000000
000000100101100100000000
000000101000011000000000
000000101000100100000000
000000100110011000000000
000000100010100000000000
000000100000110000000000
000000011100100000000000
000000011110101000000000
000000100001010000000000
000000100010011100000000
000000100001100000000000
000000011101010100000000
000000011110010100000000
000000100000001100000000
000000011111000000000000
000000011110111100000000
000000100010110000000000
000000101000001000000000
000000101111010100000000
000000110111001100000000
000000110101101100000000
000000110000101000000000
000000101101001000000000
000000101000010000000000
000000100111110000000000
000000101000100100000000
000000101010001000000000
000000101100001000000000
000000101011100100000000
000000101010101100000000
000000101000111000000000
000000101000100100000000
000000101010100000000000
000000101011000000000000
000000101101010000000000
000000101000110000000000
000000100011000100000000
000000101000010000000000
000000101011010100000000
000000101110110000000000
000000110010001000000000
000000101110110100000000
000000101100111000000000
000000101001010100000000
000000100100000100000000
000000100011010000000000
000000011111000000000000
000000011101010100000000
000000100110100100000000
000000101111001100000000
000000110100110000000000
000000110100101000000000
000000110011001000000000
000000110101101100000000
000000111001111100000000
000000111011011000000000
000000110101011000000000
000000110010001000000000
000000110011100000000000
000000110111010000000000
000000111100111000000000
000000111011000100000000
000000110110100000000000
000000111001001100000000
000001000001000100000000
000001001011010100000000
000001001101001100000000
000001000101111100000000
000000111101001100000000
000000110011001100000000
000000110000001000000000
000000110011110000000000
000000110001000000000000
000000101101100100000000
000000110000100100000000
000000110101010000000000
000000111001110100000000
000000111011101000000000
000000111100101000000000
000000111100111100000000
000000111110000000000000
000000111000100100000000
000000101110001000000000
000000100101110100000000
000000100100100000000000
000000101011001000000000
000000101101011000000000
000000101110011100000000
000000101111001000000000
000000110010011100000000
000000110101111100000000
000000111011011000000000
000001000011010100000000
000001000010110100000000
000000111011101100000000
000000110000111000000000
000000101011001000000000
000000101001001100000000
000000101000001000000000
000000101001011000000000
000000101010101100000000
000000101100111000000000
000000110000100100000000
000000101111010100000000
000000101100100000000000
000000101101001100000000
000000101011000100000000
000000101001111100000000
000000100111011000000000
000000100010111100000000
000000011111000000000000
000000011000111000000000
000000010101100000000000
000000011000001100000000
000000011010111000000000
000000011101100000000000
000000011111000100000000
000000011110010100000000
000000011100001000000000
000000011010111100000000
000000011100000100000000
000000010111000100000000
000000010110011100000000
000000010101010100000000
000000010001101000000000
000000010001001100000000
000000010000101100000000
000000010111010000000000
000000011101111100000000
000000100001101000000000
000000100101010100000000
000000100110011100000000
000000100101001000000000
000000100100111100000000
000000100000010000000000
000000011011000100000000
000000011001111000000000
000000010110011000000000
000000010100001100000000
000000010001111100000000
000000010001111000000000
000000010111000100000000
000000011101100100000000
000000100011110100000000
000000100110001000000000
000000101000011100000000
000000101100000100000000
000000101101010100000000
000000101011000100000000
000000100000100100000000
000000010100011000000000
000000001100101000000000
000000001101000000000000
000000010001001000000000
000000010100011100000000
000000011100111000000000
000000100010110000000000
000000100111100100000000
000000101011010100000000
000000101110000100000000
000000101100001000000000
000000100010110000000000
000000011000110000000000
000000001111100000000000
000000001010000000000000
111111111111001000000000
111111111010111100000000
111111111111100000000000
000000000101100100000000
000000001111010000000000
000000010010100100000000
000000010010111100000000
000000010001011100000000
000000001111011000000000
000000001100010000000000
000000000101100000000000
111111111110001100000000
111111111000000000000000
111111110111100100000000
111111111001111100000000
111111111010001000000000
111111111100101100000000
111111111101100000000000
111111111100001100000000
000000000100011100000000
000000001011011000000000
000000001100011100000000
000000001011001000000000
000000000110100100000000
000000000101100100000000
000000000011011000000000
111111111011111100000000
111111110100100000000000
111111110001010100000000
111111110000010100000000
111111110001101000000000
111111110101101100000000
111111111010011100000000
000000000010011100000000
000000001100101100000000
000000010000100100000000
000000001100101100000000
000000001000001100000000
000000000101111000000000
000000000101110000000000
000000000111011000000000
000000000111010000000000
000000000011111100000000
000000000011000100000000
000000001001111100000000
000000010000001000000000
000000010011110100000000
000000011001000000000000
000000011101100000000000
000000100100111100000000
000000101010011000000000
000000101110000100000000
000000101100011000000000
000000100001101100000000
000000011101001000000000
000000011011011100000000
000000011001001000000000
000000011011000000000000
000000011110011000000000
000000101000110100000000
000000110101101000000000
000000111110011000000000
000001000010010000000000
000000111110100000000000
000000111010111100000000
000000110101100100000000
000000110010010000000000
000000101110111000000000
000000101000001100000000
000000100110110000000000
000000101001111100000000
000000110100000100000000
000000111101110000000000
000001000100010000000000
000001000100110100000000
000000111111101000000000
000001000000000100000000
000001000001000100000000
000001000000010000000000
000000111100000100000000
000000111010111100000000
000000111011111100000000
000000111010101100000000
000000111100100000000000
000001000000111000000000
000001000011110100000000
000001000011110000000000
000001000100101000000000
000001000000000100000000
000000111100100000000000
000000111100110100000000
000000110111110000000000
000000110101100100000000
000000110111101000000000
000000110110100100000000
000000110110011000000000
000000110100011000000000
000000110111000100000000
000000111100011000000000
000000111100011000000000
000000111100100000000000
000000111100111000000000
000000111111010000000000
000001000000011100000000
000000111011110100000000
000000110011110000000000
000000101101100100000000
000000101011000000000000
000000101010001000000000
000000101010010000000000
000000101000100100000000
000000101011011000000000
000000110101001000000000
000000111000000000000000
000000111000100000000000
000000110100010100000000
000000101111111100000000
000000110000001100000000
000000101100111000000000
000000101011110000000000
000000101000001000000000
000000100110100100000000
000000101000111000000000
000000101010101000000000
000000101010110000000000
000000101001101000000000
000000101010000000000000
000000101000110100000000
000000101010011100000000
000000101011000000000000
000000101000001000000000
000000100100011100000000
000000011111010000000000
000000011101000100000000
000000011011110100000000
000000011100001000000000
000000100000101100000000
000000100101110000000000
000000101001100000000000
000000101100100000000000
000000101100001100000000
000000101000100000000000
000000100100001000000000
000000011111001100000000
000000011001001000000000
000000011001010100000000
000000100000111000000000
000000100100101100000000
000000100001100000000000
000000010111110100000000
000000010011110000000000
000000010101101000000000
000000010101101100000000
000000011001110000000000
000000011100010100000000
000000011100110100000000
000000011111111100000000
000000100101010100000000
000000100111000000000000
000000100010001100000000
000000011010011100000000
000000010001101100000000
000000001110010000000000
000000010001001100000000
000000010100111100000000
000000011001001000000000
000000011001111000000000
000000011011010000000000
000000100000100000000000
000000100001001000000000
000000011101000100000000
000000011001100100000000
000000011001010100000000
000000010110111000000000
000000010001010000000000
000000001111010000000000
000000010000000000000000
000000010001110000000000
000000010111000000000000
000000010110101100000000
000000010011111000000000
000000011000010000000000
000000011101010000000000
000000011101001100000000
000000011001100000000000
000000010010111000000000
000000001111110100000000
000000010000101100000000
000000010010010100000000
000000010110111100000000
000000010110101000000000
000000010100101000000000
000000010000001000000000
000000001100100100000000
000000010001001100000000
000000010001010000000000
000000001111100000000000
000000001111010100000000
000000001111101000000000
000000010010111000000000
000000010011011100000000
000000001111000100000000
000000001100111100000000
000000001100100100000000
000000001101000100000000
000000010001110100000000
000000010011100000000000
000000010110011100000000
000000011011011000000000
000000011010110100000000
000000010110001000000000
000000001101100000000000
000000001000111000000000
000000001010000000000000
000000001011100100000000
000000001111010100000000
000000010011000000000000
000000010100101100000000
000000010110000100000000
000000010110001000000000
000000011000101100000000
000000011100111000000000
000000100000001000000000
000000011110000100000000
000000011000011100000000
000000011000011100000000
000000010100110100000000
000000001110011000000000
000000001100101000000000
000000001110011100000000
000000001111001000000000
000000010100011100000000
000000011010000000000000
000000011000110000000000
000000011000001100000000
000000011010010000000000
000000100000000100000000
000000101000011100000000
000000101010101100000000
000000100110111000000000
000000100110111100000000
000000100101111000000000
000000100111011000000000
000000100100011100000000
000000011010011000000000
000000011000001100000000
000000011001010000000000
000000011111011100000000
000000101001110100000000
000000110000011000000000
000000110101011100000000
000000111000001100000000
000000111000001100000000
000000110111101000000000
000000110101101100000000
000000110100100000000000
000000110101110100000000
000000110011100100000000
000000110010101000000000
000000110001010000000000
000000110000111100000000
000000110100101100000000
000000110110101000000000
000000111001111100000000
000000111100011100000000
000000111111010100000000
000001000100101000000000
000001001011100100000000
000001001010000100000000
000001000011000000000000
000000111111001000000000
000000111110001000000000
000001000001101000000000
000001000001000000000000
000001000010010100000000
000001000011000100000000
000001000001000100000000
000001001000100000000000
000001010000010000000000
000001010010001100000000
000001010100100000000000
000001010111101000000000
000001011000000100000000
000001010100100000000000
000001010001101100000000
000001001100100000000000
000001000111011000000000
000001001000001000000000
000001001100011000000000
000001010010001100000000
000001010011100000000000
000001010010110100000000
000001010101111000000000
000001011000111000000000
000001011001100100000000
000001011001010100000000
000001010011010100000000
000001001111100100000000
000001010001111100000000
000001010100111000000000
000001010110011000000000
000001010100111000000000
000001010011001100000000
000001010011110000000000
000001010100001100000000
000001010001100000000000
000001001010111100000000
000001000011010000000000
000000111111101100000000
000000111110110100000000
000000111011111000000000
000000111000000100000000
000000110111001000000000
000000110111110100000000
000000111110001000000000
000001000001101100000000
000000111101100100000000
000000111000111000000000
000000110010110100000000
000000101110010000000000
000000101001010000000000
000000100010011100000000
000000011111101100000000
000000100010000000000000
000000100101010000000000
000000101101001000000000
000000110001010000000000
000000110000101100000000
000000110001001000000000
000000101001011100000000
000000100010101000000000
000000011100000000000000
000000010010010000000000
000000001101010100000000
000000001100011100000000
000000001110011000000000
000000010100011100000000
000000010100101100000000
000000010000111100000000
000000001111011100000000
000000001100010000000000
000000001101011000000000
000000001001011000000000
000000000011110000000000
000000000010101100000000
000000000001001100000000
000000000111100100000000
000000001100010100000000
000000000111001100000000
000000000001100000000000
111111111100111100000000
111111111011111100000000
111111111110001000000000
111111111000101100000000
111111110001011000000000
111111101111100100000000
111111101111110000000000
111111110011001000000000
111111110111110000000000
111111111110000000000000
000000000001101100000000
000000000010100000000000
000000000100100100000000
000000000000010000000000
111111111000110000000000
111111110111101100000000
111111111001010000000000
111111111001101000000000
111111111100100100000000
111111111110000100000000
000000000001110100000000
000000000111111100000000
000000001010000100000000
000000001110000100000000
000000001100010000000000
000000000111001100000000
000000000101100100000000
000000000100111100000000
000000000111000100000000
000000000111000000000000
000000000101010000000000
000000000110110000000000
000000001011011000000000
000000001101001100000000
000000001011000000000000
000000001000000000000000
000000000111110100000000
000000001010010000000000
000000000111010100000000
000000000111010000000000
000000001010011100000000
000000000110110000000000
000000000011110100000000
000000000010000000000000
000000000010110100000000
000000000111011000000000
000000001001000000000000
000000001001011000000000
000000001011110100000000
000000001011000000000000
000000001011001100000000
000000001111110100000000
000000010001001000000000
000000010000011100000000
000000001111111000000000
000000001111000000000000
000000010000001000000000
000000010010000000000000
000000010010110000000000
000000010100101100000000
000000010010001000000000
000000001100101100000000
000000001011000100000000
000000001111000000000000
000000011000100100000000
000000100000100000000000
000000100110001100000000
000000101000001000000000
000000101010001000000000
000000101100100000000000
000000101010111100000000
000000101011000100000000
000000101011100000000000
000000100110010000000000
000000100100000100000000
000000100110100100000000
000000101000010100000000
000000101100010100000000
000000101110011100000000
000000110010001100000000
000000111001101000000000
000000111110100100000000
000000111111011100000000
000000111110001000000000
000000111011100000000000
000000110111010100000000
000000110101011100000000
000000110100100100000000
000000101111011000000000
000000101010001100000000
000000101011101100000000
000000110011100100000000
000000111001011000000000
000000110111010100000000
000000110101010000000000
000000110100100100000000
000000110110101100000000
000000111011011100000000
000000111100010000000000
000000111001001100000000
000000110000110000000000
000000100111100100000000
000000100100011000000000
000000101001011000000000
000000101110010100000000
000000110001011100000000
000000110101001000000000
000000111000011100000000
000000111001111000000000
000000111000100000000000
000000110110101000000000
000000110101100100000000
000000110101100000000000
000000110011110100000000
000000110011001000000000
000000110011111000000000
000000110010011000000000
000000101111001100000000
000000101111101100000000
000000110000110000000000
000000110001010100000000
000000110010100000000000
000000110100110100000000
000000111000101100000000
000000111001001100000000
000000110011100100000000
000000101101011000000000
000000101011001100000000
000000100101000100000000
000000100010100000000000
000000100001001000000000
000000011101101100000000
000000100001011000000000
000000100101101100000000
000000101001011100000000
000000101100001000000000
000000101010110000000000
000000100110010000000000
000000100011000000000000
000000011110110000000000
000000011001111000000000
000000010100000000000000
000000010000100000000000
000000010100000100000000
000000010111110100000000
000000011100011000000000
000000011110110000000000
000000100000011000000000
000000100100000000000000
000000100001001000000000
000000011011011000000000
000000010101111100000000
000000010010011000000000
000000010001111100000000
000000001110100000000000
000000001011101100000000
000000001100111000000000
000000001110010000000000
000000001110001000000000
000000010000010100000000
000000001110100000000000
000000001001001100000000
000000000101100000000000
000000000001010100000000
000000000010000000000000
000000000100101000000000
000000000010010000000000
111111111111010000000000
000000000101000100000000
000000000110011100000000
000000000010110100000000
000000000001000100000000
111111111011111000000000
111111110110101000000000
111111110010010100000000
111111110010100100000000
111111110100110100000000
111111111010001000000000
000000000010001000000000
000000000011111100000000
000000000010011100000000
111111111111010000000000
111111111000110100000000
111111101110111100000000
111111101000101100000000
111111101001001000000000
111111100111101000000000
111111101010011000000000
111111101011010000000000
111111101100100100000000
111111110011111100000000
111111110110000000000000
111111110110100100000000
111111110001110100000000
111111101010110100000000
111111101010011000000000
111111101011111000000000
111111101100100000000000
111111101011100100000000
111111101100000000000000
111111101110101000000000
111111110001011000000000
111111110011101000000000
111111110101011000000000
111111110101110100000000
111111111010111000000000
111111111110100000000000
111111111011110100000000
111111111001010100000000
111111110010011000000000
111111101010111000000000
111111101010100000000000
111111101111110000000000
111111110110010000000000
111111111101101000000000
000000000010000000000000
000000000011111100000000
000000001001010000000000
000000001111110100000000
000000001111000100000000
000000000111011100000000
111111111101111000000000
111111110111110000000000
111111110101111100000000
111111110111100000000000
111111111111100000000000
000000000010000100000000
000000000101011100000000
000000001010100000000000
000000001011110100000000
000000010001111000000000
000000010101011000000000
000000010010011000000000
000000010001100000000000
000000010010100000000000
000000001100111100000000
000000000111100000000000
000000000100100000000000
000000000011000000000000
000000000010011000000000
111111111110111000000000
111111111101011000000000
111111111111111100000000
000000000111000100000000
000000001101000100000000
000000001100011100000000
000000000101101000000000
000000000000011000000000
111111111010101100000000
111111110111111000000000
111111110101011100000000
111111101101100100000000
111111101010110100000000
111111101110100100000000
111111111000010000000000
111111111110100000000000
000000000001011100000000
000000000001000000000000
000000000000111000000000
000000000110101100000000
000000001010011000000000
000000001001110100000000
000000000100001100000000
111111111110100000000000
111111111110000000000000
000000000011101000000000
000000001001000100000000
000000010000100000000000
000000010111100000000000
000000011101010000000000
000000100011010000000000
000000100010100100000000
000000011111100000000000
000000011001001000000000
000000010011101000000000
000000010001010100000000
000000010010001000000000
000000010000110100000000
000000001111111000000000
000000010101110000000000
000000011010100100000000
000000011110100000000000
000000011110110100000000
000000011101111100000000
000000100000000000000000
000000100001110100000000
000000011110100000000000
000000010100111100000000
000000001101100100000000
000000001000110100000000
000000001000100100000000
000000001100110000000000
000000010000000100000000
000000010100110100000000
000000011001110000000000
000000011110001000000000
000000011011010100000000
000000010110100100000000
000000011001001000000000
000000011010110000000000
000000011100110100000000
000000011100110000000000
000000011010110100000000
000000011001101000000000
000000010111000100000000
000000010100010100000000
000000010000101000000000
000000010000011000000000
000000010010011000000000
000000010110110000000000
000000011111000000000000
000000101000100100000000
000000101110110000000000
000000101011011000000000
000000100100100100000000
000000011101001000000000
000000010110001100000000
000000010001111100000000
000000001100111100000000
000000001101100000000000
000000010001001000000000
000000010111000100000000
000000100001101000000000
000000100110011100000000
000000101000101000000000
000000101010000100000000
000000100100100000000000
000000011101011100000000
000000010111011000000000
000000001110100100000000
000000001001000100000000
000000000101100000000000
000000000110000000000000
000000001100000100000000
000000001110110100000000
000000010001001100000000
000000010110111000000000
000000011101001000000000
000000011000111100000000
000000010100011000000000
000000010011101100000000
000000010001110000000000
000000001111000100000000
000000000100011100000000
111111111100001100000000
111111110111011000000000
111111110100101100000000
111111111000001100000000
000000000000101100000000
000000000110111000000000
000000000100110000000000
000000000100111000000000
000000001001011100000000
000000001101001000000000
000000010000010100000000
000000010010001000000000
000000010010001100000000
000000010010110000000000
000000001110001000000000
000000000101110000000000
000000000000011000000000
000000000000000000000000
000000000100111100000000
000000001011101100000000
000000010010101100000000
000000010110001100000000
000000011001001100000000
000000011100100100000000
000000011100110100000000
000000011011001100000000
000000010101000000000000
000000001100011000000000
000000001001011000000000
000000001100100100000000
000000010010111100000000
000000011000010000000000
000000011011101000000000
000000011100111100000000
000000011100001100000000
000000011101111100000000
000000011111000100000000
000000011110110000000000
000000011111011000000000
000000011101110100000000
000000011101101100000000
000000011110000000000000
000000011100111000000000
000000011100010000000000
000000011011010000000000
000000100000101100000000
000000100011001000000000
000000011110001000000000
000000011100001100000000
000000011110101000000000
000000100001011100000000
000000100000100100000000
000000100000101100000000
000000100001100100000000
000000100001101100000000
000000100010011000000000
000000100010100100000000
000000100001100000000000
000000011111001000000000
000000011111100100000000
000000100010110100000000
000000100110011100000000
000000101100011100000000
000000101110001000000000
000000101111100000000000
000000101111101100000000
000000101100000000000000
000000100110110100000000
000000100000011000000000
000000011111111100000000
000000011101010000000000
000000011101100100000000
000000011110100100000000
000000011101010100000000
000000011111100000000000
000000011011111100000000
000000011110000000000000
000000100001101100000000
000000100100111100000000
000000101000011100000000
000000100100000000000000
000000011101111100000000
000000010101110000000000
000000001101111000000000
000000000100011100000000
111111111101110100000000
111111111100011100000000
111111111100010100000000
000000000001100100000000
000000001000100000000000
000000001100001100000000
000000001100000100000000
000000001010110000000000
000000001001001100000000
000000001001111100000000
000000001000000000000000
000000000011010000000000
000000000001011100000000
111111111101000000000000
111111111101110000000000
000000000010110000000000
000000000011001100000000
000000000010111100000000
000000000010000000000000
000000000000100100000000
000000000011000000000000
000000000110000000000000
000000000101000000000000
000000000011011000000000
111111111110111000000000
111111111010100000000000
111111111100111000000000
111111111110110100000000
111111111110011100000000
000000000001100000000000
000000001000000100000000
000000001101111000000000
000000010010010100000000
000000010100000000000000
000000010010011000000000
000000010001000100000000
000000010000101000000000
000000010011110100000000
000000010110101000000000
000000010111011000000000
000000011001000000000000
000000011000110100000000
000000010110101100000000
000000010011000100000000
000000010000100000000000
000000010011111100000000
000000011011100000000000
000000100000001100000000
000000100011111000000000
000000100110000100000000
000000100010011100000000
000000011101101000000000
000000011100000000000000
000000011001101100000000
000000011001100000000000
000000011111010100000000
000000100101000100000000
000000101100011000000000
000000110001110100000000
000000110010101100000000
000000101111001000000000
000000101001001100000000
000000100111011100000000
000000100111101000000000
000000101000001000000000
000000100101010100000000
000000100100001000000000
000000100101101000000000
000000101000011100000000
000000101010010000000000
000000101001100100000000
000000101011001000000000
000000101100001000000000
000000110010100000000000
000000111010101000000000
000000111110001000000000
000000111101101100000000
000000111000101100000000
000000110011111100000000
000000110011000000000000
000000110101000100000000
000000110000000000000000
000000101001000000000000
000000101011100000000000
000000110000001000000000
000000110011100000000000
000000110011011000000000
000000101111100100000000
000000101101011100000000
000000101100001000000000
000000101101101000000000
000000110000000100000000
000000101100001100000000
000000101000101000000000
000000101000111000000000
000000100110001100000000
000000100100000100000000
000000100000100000000000
000000011000110100000000
000000010110101000000000
000000010101001100000000
000000010100001100000000
000000010100101100000000
000000010100001100000000
000000010110111000000000
000000011001110100000000
000000011100000000000000
000000011100101000000000
000000011000101100000000
000000010101011100000000
000000010111010000000000
000000011001001100000000
000000011001011100000000
000000010110011100000000
000000010100100100000000
000000010101010100000000
000000010100001000000000
000000010001001000000000
000000001100110000000000
000000001011010000000000
000000001100001000000000
000000001110010100000000
000000010000010000000000
000000010000010100000000
000000001110111100000000
000000001110011100000000
000000001011001000000000
000000001000101000000000
000000001001000100000000
000000000101000100000000
000000000101101100000000
000000000111001100000000
000000000111010000000000
000000001010101100000000
000000001101111000000000
000000010011100000000000
000000011000101100000000
000000011001100000000000
000000010111000000000000
000000010011011100000000
000000010110011100000000
000000011010101100000000
000000011001001100000000
000000010110100000000000
000000010001010000000000
000000001100110100000000
000000001101110000000000
000000010010001000000000
000000010100111000000000
000000010111111100000000
000000011000111100000000
000000011100111100000000
000000100010010100000000
000000100000000100000000
000000011110011100000000
000000011011000000000000
000000011010100000000000
000000011011000100000000
000000011101010000000000
000000100000111000000000
000000100000110000000000
000000100001111000000000
000000100011101000000000
000000100101010000000000
000000100011000100000000
000000100000010000000000
000000011110110000000000
000000100011000000000000
000000101000001100000000
000000101000111000000000
000000100110101000000000
000000100100010100000000
000000100101011000000000
000000100100111000000000
000000100101000000000000
000000100011110000000000
000000100011000000000000
000000100010100100000000
000000100000101100000000
000000100001101000000000
000000100010101000000000
000000100001000100000000
000000100001100000000000
000000100000110000000000
000000011110000000000000
000000011001101100000000
000000010100101100000000
000000010100101000000000
000000011000100100000000
000000011100100000000000
000000011101000000000000
000000011010010100000000
000000011010011000000000
000000011110000000000000
000000011110111000000000
000000011101111100000000
000000010110001100000000
000000010000011100000000
000000010000010100000000
000000010000000100000000
000000001111010000000000
000000001111100100000000
000000010100011100000000
000000010101110100000000
000000011000001000000000
000000011010010000000000
000000011011000100000000
000000011000111000000000
000000001111111100000000
000000001100100100000000
000000001011010100000000
000000000111100000000000
000000001000010100000000
000000000111111100000000
000000001000110000000000
000000010000010000000000
000000010011110000000000
000000010100010000000000
000000010010110100000000
000000010101001000000000
000000010111011100000000
000000010100001100000000
000000010011100100000000
000000010010101000000000
000000010000111000000000
000000001100110000000000
000000001011001100000000
000000001110111100000000
000000010010111100000000
000000010101001100000000
000000010111011100000000
000000011001100100000000
000000100001001000000000
000000101000101100000000
000000101000100100000000
000000101000101100000000
000000100101000000000000
000000100010010000000000
000000100000111000000000
000000011111010100000000
000000100001010000000000
000000100101100000000000
000000101011100000000000
000000101111100100000000
000000110100101100000000
000000111000000000000000
000000111011100100000000
000000111100001000000000
000000111101010100000000
000000111110001000000000
000000111000100100000000
000000110011111100000000
000000101101101000000000
000000101010000000000000
000000101011000100000000
000000101010111100000000
000000101011011000000000
000000101111101000000000
000000110110110100000000
000000111011011100000000
000000111001101100000000
000000110101001000000000
000000101111011000000000
000000101111011000000000
000000110011100100000000
000000110011111000000000
000000110101000000000000
000000111000100000000000
000000111011000100000000
000000111011101100000000
000000111100001000000000
000000111101000100000000
000000111111001100000000
000001000001001000000000
000001000011001100000000
000001000110100100000000
000001000101111100000000
000001000100001100000000
000001000000101000000000
000000111011101100000000
000000111010010000000000
000000111000110000000000
000000111000000000000000
000000111000000000000000
000000110111110000000000
000000111001111100000000
000000111011111000000000
000000111001010100000000
000000110111100100000000
000000110101111000000000
000000110011010000000000
000000110010110100000000
000000101101110000000000
000000100110001100000000
000000100100000100000000
000000100001101100000000
000000100010111000000000
000000101011000100000000
000000110011110000000000
000000110110001000000000
000000110100000100000000
000000110001111100000000
000000101110110100000000
000000101010000000000000
000000100011001000000000
000000011111100100000000
000000011010000000000000
000000011001001100000000
000000011111110100000000
000000100111011100000000
000000101110000100000000
000000110000011100000000
000000110000110000000000
000000110011000100000000
000000110011111100000000
000000101111100100000000
000000101110010000000000
000000101010100100000000
000000100100101000000000
000000100001111000000000
000000100011011000000000
000000100110101000000000
000000101001100100000000
000000110000000000000000
000000110101100000000000
000000110110100000000000
000000110010100000000000
000000101011110100000000
000000100110111000000000
000000100100111000000000
000000100011100000000000
000000011111101100000000
000000011100100000000000
000000100000000100000000
000000100001101100000000
000000100001111000000000
000000100001110100000000
000000100101111100000000
000000101011101000000000
000000100111001000000000
000000100111011100000000
000000101001011000000000
000000101001100100000000
000000101011011000000000
000000101001000000000000
000000100110000000000000
000000100100010000000000
000000100010000100000000
000000100010100100000000
000000100101111100000000
000000100111000100000000
000000100111111000000000
000000100111011000000000
000000100110110100000000
000000101011100000000000
000000101101100100000000
000000101101010000000000
000000101101101100000000
000000101011001100000000
000000101100000000000000
000000101101010000000000
000000101110001100000000
000000110001000000000000
000000101111010000000000
000000101111011000000000
000000101110001000000000
000000101101011100000000
000000101100010000000000
000000100110000000000000
000000100100110000000000
000000100010010100000000
000000100000111000000000
000000100101010100000000
000000101010000100000000
000000101101111000000000
000000110100000100000000
000000111010100000000000
000000111100011000000000
000000111000100100000000
000000110001101000000000
000000101100010000000000
000000101010010000000000
000000100111100100000000
000000100100011100000000
000000100101010100000000
000000100110010000000000
000000101000001000000000
000000101100100100000000
000000110000100100000000
000000110011111000000000
000000110110100000000000
000000110101010000000000
000000110100100100000000
000000110010101100000000
000000110010101000000000
000000110011010100000000
000000101111110100000000
000000110000010000000000
000000110000011100000000
000000110011100000000000
000000111000011100000000
000000111110101000000000
000001000100010100000000
000001000001111000000000
000001000001011000000000
000001000000001100000000
000001000000001000000000
000001000100010000000000
000001000010010100000000
000000111111100100000000
000000111101111100000000
000000111110101000000000
000001000001010000000000
000001000011010000000000
000001000101110000000000
000001000101000100000000
000001000110110000000000
000001000111011000000000
000001000011101000000000
000001000001011000000000
000001000000001000000000
000001000000101100000000
000001000001000000000000
000001000001101000000000
000001000101010100000000
000001000101101100000000
000001000100111000000000
000001000110000100000000
000001000100101000000000
000001000111011100000000
000001000111110000000000
000001000110110000000000
000001001011110100000000
000001001110011100000000
000001001101110000000000
000001000111111100000000
000001000000111100000000
000000111111010000000000
000001000010110100000000
000001000110011000000000
000001000110111000000000
000001000110010100000000
000001001000010100000000
000001001100111100000000
000001001110111000000000
000001001101000100000000
000001000101111100000000
000001000010010000000000
000000111101111100000000
000000111000000000000000
000000111001100000000000
000000110110000000000000
000000110100000000000000
000000111001010000000000
000000111101010100000000
000000111111110100000000
000000111110110000000000
000000111111000100000000
000001000001100100000000
000000111111000000000000
000000111011010100000000
000000110111110000000000
000000110010001100000000
000000101101110100000000
000000101010101000000000
000000101010101100000000
000000101101100000000000
000000110000101000000000
000000110100111000000000
000000111010111000000000
000000111101101100000000
000000111100101100000000
000000111010101100000000
000000111001101000000000
000000111000010000000000
000000110000100000000000
000000101101010000000000
000000101110000000000000
000000101011110100000000
000000101101010000000000
000000110000000000000000
000000110010100100000000
000000110100011000000000
000000110101010100000000
000000110100110000000000
000000110110111100000000
000000111000000000000000
000000110101110000000000
000000110101011000000000
000000110010100100000000
000000110000011100000000
000000101101101100000000
000000101101101100000000
000000101111001000000000
000000101101001100000000
000000101111111100000000
000000110001011100000000
000000110001111100000000
000000110100011100000000
000000110011000100000000
000000110001011000000000
000000101101111000000000
000000101011100000000000
000000101101111100000000
000000101100001000000000
000000101000000100000000
000000100101001000000000
000000100010000100000000
000000100101000100000000
000000100111000000000000
000000100110110100000000
000000101010111100000000
000000101110011100000000
000000101111001000000000
000000110000110100000000
000000110011100100000000
000000110011101000000000
000000110011010100000000
000000110001001000000000
000000110000011000000000
000000110000110100000000
000000101110101000000000
000000101110110100000000
000000110000001100000000
000000110001111000000000
000000110011010000000000
000000110010101000000000
000000110000000100000000
000000101110010100000000
000000110001101000000000
000000110100010100000000
000000110001111000000000
000000101111000100000000
000000101101111100000000
000000101111011000000000
000000110000010000000000
000000101111100000000000
000000101111001000000000
000000101100011100000000
000000101100100000000000
000000101101110100000000
000000101111101000000000
000000110000011000000000
000000101110111000000000
000000101101011100000000
000000101001001100000000
000000101001010000000000
000000101000101000000000
000000100111000000000000
000000101000010100000000
000000101000001100000000
000000100111001100000000
000000100101011000000000
000000100010111000000000
000000100010010000000000
000000101000100100000000
000000101100001100000000
000000101110010100000000
000000110011000000000000
000000110101101000000000
000000111001010000000000
000000110101011100000000
000000101111101100000000
000000101010010000000000
000000100100011100000000
000000100111010100000000
000000101011010000000000
000000101101011100000000
000000101110111000000000
000000110001100100000000
000000110111011100000000
000000111010100000000000
000000111100111100000000
000000111011101000000000
000000110101111000000000
000000110110100100000000
000000111010011100000000
000000111101100000000000
000000111101011000000000
000000111010110100000000
000001000000000000000000
000001000111000000000000
000001001010011100000000
000001010000001000000000
000001010000001000000000
000001001110010100000000
000001010000000100000000
000001001101011100000000
000001001011001100000000
000001001000010100000000
000001000111000100000000
000001001010001000000000
000001001000101100000000
000001000101111000000000
000001000100101100000000
000001000110011100000000
000001001000111000000000
000001000111110100000000
000001001001000100000000
000001001011011000000000
000001001010110000000000
000001001011110100000000
000001001100110000000000
000001000111010100000000
000000111101110100000000
000000110110011000000000
000000101111010000000000
000000101100010000000000
000000101111010000000000
000000101111110100000000
000000101111011100000000
000000110000111000000000
000000110101101100000000
000000111010001000000000
000000111011101100000000
000000111101001000000000
000000111100111100000000
000000111100100000000000
000000111000101000000000
000000110010111000000000
000000101111000000000000
000000101011100100000000
000000101010000100000000
000000101011000000000000
000000101111111000000000
000000110010110000000000
000000110100101100000000
000000111000101100000000
000000111011101000000000
000000111100111000000000
000000111001001100000000
000000110110111100000000
000000110100001000000000
000000110000000100000000
000000110001000100000000
000000110011001000000000
000000110100110000000000
000000110111000000000000
000000111101000100000000
000001000011111000000000
000001000100101000000000
000001000100000000000000
000001000100111000000000
000001000101000000000000
000001000101111000000000
000001000111111100000000
000001000110110100000000
000001000100010000000000
000001000100100000000000
000001000111100000000000
000001001000101000000000
000001000111011000000000
000001000100001100000000
000001000001100100000000
000001000010011000000000
000001000010010100000000
000001000010101100000000
000001000001111000000000
000000111111001000000000
000000111011010000000000
000000111001101100000000
000000111011101000000000
000000111011011100000000
000000111001100100000000
000000110111010100000000
000000110111110000000000
000000111100101000000000
000000111110101000000000
000000111100010100000000
000000111011100000000000
000000111011001000000000
000000111000110100000000
000000110110011100000000
000000110101111100000000
000000110100100000000000
000000110100110100000000
000000110110111000000000
000000111001000100000000
000000111100011000000000
000000111100011100000000
000000111101010000000000
000001000000001000000000
000000111110110000000000
000000111010110000000000
000000110111000100000000
000000110000010000000000
000000101011001000000000
000000100111101000000000
000000100010110000000000
000000100100110000000000
000000101000011100000000
000000101001100100000000
000000101110011100000000
000000110100010000000000
000000110110011000000000
000000110111000100000000
000000111000000100000000
000000110111111000000000
000000110111010000000000
000000110101101000000000
000000110000011000000000
000000101111011000000000
000000110001101000000000
000000110010101100000000
000000110101111100000000
000000111001110100000000
000000111100111000000000
000000111011000000000000
000000111001110000000000
000000111001111000000000
000000111001001000000000
000000111000000100000000
000000110101110100000000
000000110100111100000000
000000110000001100000000
000000101100010100000000
000000101001001000000000
000000101010000000000000
000000101100110000000000
000000101100110000000000
000000110001000000000000
000000110010100100000000
000000110011010100000000
000000110100100000000000
000000101111111000000000
000000101011101100000000
000000101001010100000000
000000101001001000000000
000000101101010000000000
000000101110101100000000
000000101111011000000000
000000101111011100000000
000000101111000100000000
000000101101011000000000
000000101100111100000000
000000101101111000000000
000000101100010000000000
000000101101011100000000
000000101100110100000000
000000110000001100000000
000000110100110100000000
000000110110010000000000
000000110110001100000000
000000110101100100000000
000000111000110000000000
000000111000010100000000
000000110110011000000000
000000110110101000000000
000000111000110000000000
000000111001100100000000
000000111000100100000000
000000111000110000000000
000000111010000000000000
000000111011001000000000
000000111011000000000000
000000111100101000000000
000000111110110100000000
000000111111110000000000
000001000000011000000000
000000111110111100000000
000000111111101100000000
000000111110011100000000
000000111101000000000000
000001000000000000000000
000000111101001100000000
000000111001110000000000
000000110111101100000000
000000110101101100000000
000000110100011100000000
000000110011000000000000
000000110001010000000000
000000101111111100000000
000000101111101000000000
000000110000010100000000
000000110010001100000000
000000110001001100000000
000000110001100100000000
000000110001100000000000
000000110001111000000000
000000110000000100000000
000000101101101100000000
000000101101000100000000
000000101011010000000000
000000101011001100000000
000000101001111100000000
000000101000111000000000
000000101001110000000000
000000101100100000000000
000000101011011100000000
000000101101100100000000
000000110010001000000000
000000110010001100000000
000000110010011100000000
000000101111100100000000
000000101100111000000000
000000101011101000000000
000000101001111000000000
000000101000101000000000
000000100111110100000000
000000101000011000000000
000000101100001000000000
000000101101101000000000
000000110000011100000000
000000110100111100000000
000000110011111100000000
000000110100001100000000
000000110101110000000000
000000110111011100000000
000000110111001000000000
000000110100010000000000
000000110010011000000000
000000110010111000000000
000000110010101000000000
000000110001000100000000
000000110000010100000000
000000101111001100000000
000000110000011100000000
000000110011000100000000
000000110001111100000000
000000101111110000000000
000000101111010100000000
000000101110111000000000
000000101101100100000000
000000101011001100000000
000000101000011100000000
000000101001100100000000
000000101000101100000000
000000100101111100000000
000000100101101100000000
000000100100100100000000
000000100110010100000000
000000101000110000000000
000000101000011000000000
000000100110101000000000
000000100011000100000000
000000100001001000000000
000000100000010000000000
000000011111001100000000
000000011100011100000000
000000011011001000000000
000000011110101000000000
000000100010011000000000
000000100111001000000000
000000101000111000000000
000000101011011100000000
000000101101011100000000
000000101011100100000000
000000101011000000000000
000000101000111100000000
000000100100101100000000
000000100100000100000000
000000100110111100000000
000000100101110100000000
000000100110101100000000
000000100110001100000000
000000100011101000000000
000000100101110100000000
000000100110111100000000
000000100111111100000000
000000101000001000000000
000000100100111100000000
000000100101001000000000
000000100111100000000000
000000101000011000000000
000000101000101000000000
000000100110000000000000
000000100111110100000000
000000101011010100000000
000000101100100000000000
000000101101111100000000
000000101101011100000000
000000101101001000000000
000000101110100000000000
000000101100101100000000
000000101010110100000000
000000101010010100000000
000000100111100000000000
000000100111000100000000
000000100111001000000000
000000101001110000000000
000000101010011100000000
000000101101010100000000
000000110000101100000000
000000110000110100000000
000000110001101000000000
000000110000111000000000
000000110010101100000000
000000110000110100000000
000000101111110100000000
000000110000110100000000
000000110000000000000000
000000101011010100000000
000000100110001100000000
000000100110001100000000
000000100110010000000000
000000101000011100000000
000000101100001100000000
000000101101110100000000
000000110000111000000000
000000111000010100000000
000000111010111000000000
000000111000100100000000
000000110101111100000000
000000110000110100000000
000000101111100000000000
000000101101100100000000
000000100111110000000000
000000100101001000000000
000000100011011100000000
000000100101011000000000
000000101000110000000000
000000101100110000000000
000000110000000100000000
000000110000100100000000
000000110001001100000000
000000101111000000000000
000000101100010000000000
000000101000100000000000
000000100010111100000000
000000011101111000000000
000000011000110100000000
000000010100101000000000
000000010100011100000000
000000010100011000000000
000000010111100100000000
000000011101001000000000
000000011110011100000000
000000100001001000000000
000000100100110100000000
000000100111101000000000
000000101001101000000000
000000101000100000000000
000000100110000000000000
000000100010111100000000
000000100000010000000000
000000011110101100000000
000000011110110000000000
000000100001111100000000
000000100110000000000000
000000101100111100000000
000000110001111100000000
000000110011010100000000
000000110110110100000000
000000111001001100000000
000000111000110100000000
000000110110010100000000
000000110011110000000000
000000110001100100000000
000000110001000000000000
000000110010100100000000
000000110000111000000000
000000110011010100000000
000000111000110100000000
000000111011011000000000
000000111101010100000000
000000111110000000000000
000000111111110100000000
000001000001101000000000
000001000000001100000000
000000111101001000000000
000000111101001000000000
000000111100110000000000
000000111011001100000000
000000111011110100000000
000000111100001100000000
000000111101111100000000
000001000000010100000000
000000111111010100000000
000000111110100100000000
000000111100100000000000
000000111001010000000000
000000110111000000000000
000000110110101100000000
000000111000000100000000
000000110101111000000000
000000110101111100000000
000000110101011100000000
000000110010111000000000
000000110011111000000000
000000110001101100000000
000000101110110000000000
000000101110011000000000
000000101101110100000000
000000101110010100000000
000000101110101000000000
000000101101100000000000
000000101100011100000000
000000101100110000000000
000000101100010000000000
000000101010010100000000
000000101001011000000000
000000100110100000000000
000000100100001000000000
000000100110100100000000
000000100110111000000000
000000101000010000000000
000000101010001000000000
000000101010100100000000
000000101100000000000000
000000101011000100000000
000000101010000000000000
000000100110111100000000
000000100100110000000000
000000100011001000000000
000000100001111000000000
000000100011001000000000
000000100011010000000000
000000100111000000000000
000000101100110000000000
000000101100000100000000
000000101011110100000000
000000110000000100000000
000000110000010100000000
000000101111000100000000
000000101011111100000000
000000101001000000000000
000000101000100000000000
000000100101110000000000
000000100100110000000000
000000100101000000000000
000000100011001100000000
000000100100110100000000
000000101001100100000000
000000101011101000000000
000000101011110100000000
000000101001010000000000
000000101000000000000000
000000100101011100000000
000000100011011000000000
000000100001111000000000
000000011111000000000000
000000011111001100000000
000000011100011000000000
000000011010100000000000
000000011001111000000000
000000011011010000000000
000000011101100100000000
000000011101110000000000
000000011110000000000000
000000011011010100000000
000000010110000000000000
000000010011011000000000
000000010010011000000000
000000010000010100000000
000000001101010100000000
000000001101000100000000
000000001111001100000000
000000010001001100000000
000000010011101100000000
000000010011001000000000
000000010011101000000000
000000010011001000000000
000000010010100000000000
000000010011010100000000
000000010011011100000000
000000010010100000000000
000000010010000100000000
000000010010110000000000
000000010010010000000000
000000010001111000000000
000000010100000100000000
000000011000010100000000
000000011100111100000000
000000100011110000000000
000000100101011000000000
000000100110100100000000
000000100101011000000000
000000100000001000000000
000000011101101100000000
000000011001101100000000
000000010110001000000000
000000010101110000000000
000000011010010000000000
000000011110100000000000
000000100010111100000000
000000100111000100000000
000000101000010000000000
000000101010000000000000
000000101100010000000000
000000101110101100000000
000000101101000100000000
000000101010111000000000
000000100111000100000000
000000100011000100000000
000000100010011100000000
000000100011111100000000
000000101000011000000000
000000101011100000000000
000000101111110100000000
000000110010010100000000
000000110100101000000000
000000110110000000000000
000000110011100000000000
000000110001010000000000
000000101101101000000000
000000101010011100000000
000000100110101100000000
000000100101111000000000
000000100101111000000000
000000100110001100000000
000000101000010100000000
000000100101111000000000
000000100011011000000000
000000100100010100000000
000000100100111000000000
000000100101011100000000
000000100101100100000000
000000100010011000000000
000000100001001100000000
000000100000111100000000
000000011011011000000000
000000011001101100000000
000000011011000000000000
000000011011110100000000
000000011111101000000000
000000011111000000000000
000000011111001100000000
000000100001101000000000
000000100001110100000000
000000100001000000000000
000000011110100000000000
000000011011010100000000
000000011011010100000000
000000011011111000000000
000000011100001000000000
000000011110010000000000
000000011101100000000000
000000011110100000000000
000000100000000100000000
000000011110111100000000
000000011111000100000000
000000011111010000000000
000000011111000000000000
000000011100011100000000
000000010101100100000000
000000010100101100000000
000000010101010000000000
000000010010111000000000
000000010001110100000000
000000010001101100000000
000000010101110000000000
000000010101110100000000
000000010110110000000000
000000011000010100000000
000000011001010000000000
000000011011000000000000
000000010111110000000000
000000010110000000000000
000000010110110000000000
000000010101011100000000
000000010011000100000000
000000010000100000000000
000000001110010100000000
000000001111111100000000
000000001111010100000000
000000010000000000000000
000000010010010100000000
000000010000110100000000
000000001111101100000000
000000001101010000000000
000000001011001100000000
000000000101111000000000
000000000010000100000000
000000000000110100000000
111111111111110100000000
000000000000111100000000
000000000000110100000000
000000000001101100000000
000000000001000000000000
000000000001100100000000
000000000100010000000000
000000000101011100000000
000000000100010100000000
000000000010001100000000
000000000000001100000000
111111111111001100000000
111111111110011000000000
111111111110000000000000
000000000000001100000000
000000000000111000000000
000000000001110100000000
000000000110011000000000
000000001010000100000000
000000001011101000000000
000000001100100100000000
000000001011001100000000
000000001100010000000000
000000001100100000000000
000000001000110000000000
000000000110011000000000
000000000011101100000000
000000000001100000000000
000000000001001000000000
000000000010101100000000
000000000011111000000000
000000000111001000000000
000000001010100000000000
000000001100000100000000
000000001100110100000000
000000001010000100000000
000000001010001100000000
000000001010111000000000
000000001100100000000000
000000001110100100000000
000000001011111000000000
000000001010110100000000
000000001010011100000000
000000001001000000000000
000000001000111100000000
000000000111111100000000
000000001010011100000000
000000001111011000000000
000000010100011000000000
000000010111111100000000
000000010101000100000000
000000010101010000000000
000000010111110000000000
000000010110101000000000
000000010101100000000000
000000010110010000000000
000000011000001100000000
000000011001000000000000
000000011010000000000000
000000011010110100000000
000000011010110100000000
000000011101001000000000
000000011100110100000000
000000011101000100000000
000000011110110000000000
000000011110111100000000
000000100000110000000000
000000011111100100000000
000000100000100000000000
000000011110111000000000
000000011110010000000000
000000011111001000000000
000000011110001100000000
000000100001111000000000
000000100000111100000000
000000011110010000000000
000000011111101000000000
000000011101110000000000
000000011001011000000000
000000011000011000000000
000000010110001000000000
000000010011010100000000
000000010001000100000000
000000001111001000000000
000000010000110100000000
000000010010100000000000
000000010000011100000000
000000001101111000000000
000000001101110100000000
000000001110000100000000
000000001110001100000000
000000001011110000000000
000000001000111000000000
000000001000100000000000
000000001010011000000000
000000001001111000000000
000000001001000100000000
000000001010111000000000
000000001100100000000000
000000010001011100000000
000000010101011000000000
000000011011010100000000
000000011110110000000000
000000011111010100000000
000000100000010100000000
000000011111111100000000
000000100001000000000000
000000011111000000000000
000000011111100000000000
000000100001000000000000
000000100000000000000000
000000100001000000000000
000000100101011000000000
000000101001011000000000
000000101101010100000000
000000101111010100000000
000000110001001100000000
000000110011011100000000
000000110011001000000000
000000110010101100000000
000000110000110000000000
000000101100011100000000
000000101001001100000000
000000101000000000000000
000000100101001100000000
000000100100001000000000
000000100011001000000000
000000100001110000000000
000000100000101100000000
000000011110110000000000
000000011101110100000000
000000011011101000000000
000000011001100000000000
000000010110100100000000
000000010001100000000000
000000001101001000000000
000000001010110000000000
000000001100101000000000
000000001111100000000000
000000010000111000000000
000000010010001100000000
000000010100111100000000
000000010111111000000000
000000010111010000000000
000000010111101000000000
000000010110000100000000
000000010011110100000000
000000010100011100000000
000000010001001100000000
000000001110011100000000
000000001101110100000000
000000001110111000000000
000000010010000000000000
000000010011100000000000
000000010101100100000000
000000010101010100000000
000000010101100100000000
000000010111000100000000
000000010110001100000000
000000010110011000000000
000000010100100100000000
000000010010001000000000
000000010010111100000000
000000010011101100000000
000000010100111000000000
000000011000010000000000
000000011011000100000000
000000011101100000000000
000000100001000100000000
000000100001000000000000
000000011100100100000000
000000011010001100000000
000000011010100100000000
000000010111001000000000
000000010011111000000000
000000010011011000000000
000000010001100100000000
000000010000111000000000
000000010001000000000000
000000010001100100000000
000000010010011100000000
000000010100001100000000
000000010101010000000000
000000010101100100000000
000000010100000100000000
000000010010101000000000
000000010001011000000000
000000001110011100000000
000000001010111000000000
000000000101110000000000
000000000110011000000000
000000000111101100000000
000000000111011000000000
000000001001011000000000
000000001010101000000000
000000001101110100000000
000000010000111000000000
000000010101001100000000
000000010110100100000000
000000010100101100000000
000000010010010000000000
000000010000100100000000
000000010001011100000000
000000010001110100000000
000000010100101000000000
000000010110001100000000
000000011000100100000000
000000011100010100000000
000000011111001100000000
000000100001001000000000
000000100001101100000000
000000100001101100000000
000000100000110000000000
000000011110011000000000
000000011011011100000000
000000011011000000000000
000000011001111100000000
000000011000111000000000
000000011000110000000000
000000011010100000000000
000000011110000100000000
000000100000101000000000
000000100000100100000000
000000100001100100000000
000000100100101000000000
000000101010011100000000
000000101100110000000000
000000100111100100000000
000000100110010000000000
000000100011011000000000
000000100001101000000000
000000011111101100000000
000000011000110000000000
000000011000000000000000
000000011001000100000000
000000011010010000000000
000000011100100100000000
000000011100001000000000
000000011111001000000000
000000100001100000000000
000000011110000000000000
000000011100110000000000
000000011100110000000000
000000011100010000000000
000000011011001100000000
000000011010000100000000
000000011010101000000000
000000011100010100000000
000000011001110100000000
000000011000110000000000
000000011010011100000000
000000010111100100000000
000000010011010100000000
000000010001100100000000
000000010000110000000000
000000001101010000000000
000000001101101000000000
000000001100111000000000
000000001011010000000000
000000001011011000000000
000000001000110100000000
000000001001100100000000
000000001000001000000000
000000000110110000000000
000000000110000100000000
000000000101011000000000
000000000100110100000000
000000000000101100000000
000000000000100000000000
111111111111110000000000
111111111100100100000000
111111111000010000000000
111111111000011100000000
111111111001011000000000
111111111000111100000000
111111111010000100000000
111111111000011100000000
111111110111111100000000
111111110101101000000000
111111110101111100000000
111111110101100100000000
111111110011111100000000
111111110011011000000000
111111110010110000000000
111111110111011000000000
111111110111001100000000
111111110111101100000000
111111111110001100000000
111111111101010000000000
111111111101110000000000
111111111110100000000000
111111111101001000000000
111111111111100100000000
111111111100100100000000
111111111011011000000000
111111111010111100000000
111111111101110000000000
111111111111001000000000
111111111101000000000000
111111111110100000000000
111111111110100000000000
000000000001001100000000
000000000010110000000000
000000000010101100000000
000000000101011100000000
000000001000010000000000
000000001001100100000000
000000001101010000000000
000000001111100100000000
000000010000101100000000
000000010001110100000000
000000010001100000000000
000000010001011100000000
000000010101101100000000
000000010111011000000000
000000010011111000000000
000000010011111100000000
000000010011000100000000
000000010100000000000000
000000010110010000000000
000000010111100000000000
000000010111010100000000
000000010101101000000000
000000010100010000000000
000000010010101000000000
000000010011110000000000
000000010100100000000000
000000010111010000000000
000000010110101100000000
000000010010111000000000
000000010010100000000000
000000010011010100000000
000000010110111000000000
000000010100110100000000
000000010011011100000000
000000010101100100000000
000000010101000000000000
000000010110000100000000
000000010111011000000000
000000011000011100000000
000000011001011100000000
000000011011100100000000
000000011100010100000000
000000011100110000000000
000000011100110000000000
000000011011100000000000
000000011101000000000000
000000011110111000000000
000000011111000000000000
000000011011111100000000
000000011011100100000000
000000011100101100000000
000000011100100000000000
000000011101001000000000
000000011010010000000000
000000011000111000000000
000000010111110100000000
000000010101101000000000
000000010100111000000000
000000010010101100000000
000000010000101000000000
000000010000111100000000
000000010001110100000000
000000001111001100000000
000000001110011100000000
000000001110011100000000
000000001111010100000000
000000010000110100000000
000000001111000000000000
000000010000001100000000
000000010000110000000000
000000010000101100000000
000000010010011000000000
000000010001100100000000
000000001111110100000000
000000001110110000000000
000000001101110100000000
000000001101111100000000
000000001010011100000000
000000000101101000000000
000000000100100000000000
000000000101011000000000
000000000111111100000000
000000001000110100000000
000000001000010100000000
000000001000011000000000
000000001001010000000000
000000001010110100000000
000000001010010000000000
000000001001011000000000
000000001001011100000000
000000001000010100000000
000000000111000000000000
000000000111000100000000
000000000111111000000000
000000000111001000000000
000000000101110100000000
000000000110110100000000
000000001000010000000000
000000001000010100000000
000000000110000000000000
000000000101110100000000
000000000110011100000000
000000000010111100000000
000000000010110000000000
000000000010111000000000
000000000000010000000000
111111111111100100000000
000000000000100000000000
000000000001001100000000
000000000011110100000000
000000000100001000000000
000000000011101100000000
000000000100101100000000
000000000001001000000000
111111111110100100000000
111111111110010100000000
111111111010010100000000
111111110110110100000000
111111110110010100000000
111111110110111100000000
111111110101110100000000
111111110100011000000000
111111110111011100000000
111111111000001000000000
111111111011111000000000
000000000000000000000000
000000000000000000000000
000000000000011100000000
111111111110101100000000
111111111111010100000000
111111111110110100000000
111111111101000100000000
111111111011101100000000
111111111010100000000000
111111111010010100000000
111111111000111100000000
111111111011000100000000
111111111110011000000000
000000000000010000000000
000000000000110000000000
111111111111010000000000
000000000001100100000000
000000000011110100000000
000000000011110000000000
000000000101101100000000
000000000101101000000000
000000000111100000000000
000000001011100000000000
000000001101110100000000
000000010000111100000000
000000010100001100000000
000000010111110100000000
000000011010100000000000
000000011011100100000000
000000011100101100000000
000000011101000000000000
000000011001110000000000
000000011000000000000000
000000010111110000000000
000000011010011100000000
000000011100101100000000
000000011100111000000000
000000011111110000000000
000000100001001000000000
000000100100111000000000
000000101001001000000000
000000101001111100000000
000000101010110000000000
000000101011100100000000
000000101011111000000000
000000101101001000000000
000000101100001000000000
000000101010001100000000
000000100111001100000000
000000100110010100000000
000000101000001100000000
000000101000100000000000
000000101010000100000000
000000101001001100000000
000000101011111000000000
000000101100101000000000
000000101010000000000000
000000101011111000000000
000000101011010100000000
000000101100100100000000
000000101010111100000000
000000100111111000000000
000000101001011000000000
000000101000100100000000
000000101010101000000000
000000101101010100000000
000000101100111000000000
000000101101010000000000
000000101101011100000000
000000101101010100000000
000000101000110000000000
000000100101100100000000
000000100100011100000000
000000100001111100000000
000000100101000100000000
000000100101111100000000
000000100110010100000000
000000101000110000000000
000000101001101000000000
000000101001100100000000
000000101010010100000000
000000101001101100000000
000000100111111000000000
000000101001011100000000
000000101000101100000000
000000101010001100000000
000000101000111000000000
000000100100111100000000
000000100101011100000000
000000100101000100000000
000000100100011000000000
000000100100011100000000
000000100101010000000000
000000100110111100000000
000000101000111000000000
000000101000100100000000
000000101000001000000000
000000101000000100000000
000000101000010000000000
000000100110111000000000
000000100011100100000000
000000100100010100000000
000000100100101100000000
000000100100010100000000
000000100100010100000000
000000100100011100000000
000000100100000000000000
000000100010110000000000
000000100011101000000000
000000100011100100000000
000000100000000100000000
000000011011111100000000
000000011001011000000000
000000011001101000000000
000000011011001000000000
000000011010001100000000
000000011011110100000000
000000011100010000000000
000000011101011100000000
000000011110011000000000
000000011101000100000000
000000011101011000000000
000000011000111000000000
000000010100001100000000
000000010001001100000000
000000001110001000000000
000000001101000100000000
000000001010001000000000
000000000101000100000000
000000000101110100000000
000000000101000100000000
000000000010111000000000
000000000100001000000000
000000000010000100000000
111111111111110000000000
111111111110101000000000
111111111110011000000000
111111111100010100000000
111111111000100000000000
111111110111000100000000
111111110110101100000000
111111110111111000000000
111111111000100100000000
111111111011110000000000
111111111110111100000000
111111111111001100000000
000000000011001100000000
000000000101000000000000
000000000101010000000000
000000000101111100000000
000000000011101000000000
000000000011101000000000
000000000100001000000000
000000000100011000000000
000000000100101100000000
000000000101001100000000
000000000111001000000000
000000001010111000000000
000000001110001100000000
000000001101001100000000
000000001100000000000000
000000001101001100000000
000000001101100000000000
000000001110110100000000
000000010000000000000000
000000001100011000000000
000000001010000000000000
000000000111100000000000
000000000111011000000000
000000000110111100000000
000000000100110000000000
000000000100101000000000
000000000011111100000000
000000000100100100000000
000000000010101100000000
000000000001110100000000
000000000000100000000000
111111111111101000000000
000000000000111100000000
000000000010010000000000
000000000100010000000000
000000000001110100000000
000000000000001100000000
000000000010101100000000
000000000101001000000000
000000000110111100000000
000000000110111000000000
000000000111111100000000
000000001001000000000000
000000000111111100000000
000000001001011100000000
000000001001101000000000
000000000111000000000000
000000000101111000000000
000000000101011000000000
000000000011101000000000
000000000010010000000000
000000000011000100000000
000000000011100100000000
000000000010111000000000
000000000100111000000000
000000000110101000000000
000000001010011100000000
000000001100001000000000
000000001001111000000000
000000001100010000000000
000000001011010000000000
000000001011110100000000
000000001111001100000000
000000001111100100000000
000000001111111100000000
000000001111100100000000
000000001111011100000000
000000010000001000000000
000000001111010000000000
000000001101100100000000
000000001101111000000000
000000001101001000000000
000000001101010100000000
000000001100111000000000
000000001011001100000000
000000010001000000000000
000000010100011100000000
000000010101101000000000
000000010111000100000000
000000011000100000000000
000000011100101000000000
000000011100111000000000
000000011110111000000000
000000100001001100000000
000000100001101000000000
000000100010101000000000
000000100001001100000000
000000100010111000000000
000000100011001100000000
000000100010010100000000
000000100100100000000000
000000100010101000000000
000000100011111100000000
000000100110001100000000
000000100110010000000000
000000101000101000000000
000000101000011000000000
000000101001100000000000
000000101000110100000000
000000100111101000000000
000000101010001100000000
000000101001110000000000
000000101011100000000000
000000101110011000000000
000000101111000000000000
000000101111110000000000
000000101111010000000000
000000110000010100000000
000000101110010100000000
000000101011010000000000
000000101011000000000000
000000100111100100000000
000000101000110100000000
000000101001010100000000
000000101000100000000000
000000101010111000000000
000000101010001000000000
000000101001110100000000
000000101001110000000000
000000101011011100000000
000000101011110000000000
000000101010100100000000
000000101010011100000000
000000101010101100000000
000000101010011000000000
000000100111111100000000
000000100100100100000000
000000100010010000000000
000000011111111100000000
000000011100111100000000
000000011100000100000000
000000011010001000000000
000000011001000000000000
000000011010001000000000
000000011001011100000000
000000011000011100000000
000000011010001000000000
000000011010000100000000
000000011000011100000000
000000010111100100000000
000000010110000100000000
000000010110011000000000
000000010011110100000000
000000010000000100000000
000000010001010000000000
000000010001011000000000
000000010000011100000000
000000001111110100000000
000000001111011000000000
000000001110100100000000
000000001100100100000000
000000001100000000000000
000000001011111000000000
000000001011111100000000
000000001010011000000000
000000001001010100000000
000000001010001000000000
000000001011000000000000
000000001011101000000000
000000001010101000000000
000000001011100000000000
000000001011110000000000
000000001111101100000000
000000010010001100000000
000000001111000100000000
000000010001000100000000
000000010000010100000000
000000010000000100000000
000000010001100100000000
000000010000011000000000
000000010001011000000000
000000010000111100000000
000000001111111000000000
000000010001111000000000
000000010100101100000000
000000010101000100000000
000000010101101000000000
000000010111010100000000
000000010111001000000000
000000010111000000000000
000000011010000000000000
000000011011110100000000
000000011001010000000000
000000011000101000000000
000000011011010000000000
000000011001101000000000
000000011001001000000000
000000011010000100000000
000000011001010000000000
000000011010101100000000
000000011010100100000000
000000011010110000000000
000000011011000100000000
000000011001100000000000
000000010111110000000000
000000010111000000000000
000000010111101000000000
000000011000010000000000
000000010110110100000000
000000010111101000000000
000000010111110100000000
000000010110110000000000
000000011001001100000000
000000011010100100000000
000000011010110000000000
000000011001011000000000
000000011010001100000000
000000011101011100000000
000000011110000100000000
000000011011010000000000
000000011001000000000000
000000011001110100000000
000000011011001000000000
000000011010010000000000
000000011000010000000000
000000011000011100000000
000000011001010100000000
000000011001011100000000
000000011010000000000000
000000011101001100000000
000000011101011100000000
000000011100000000000000
000000011011010100000000
000000011100110000000000
000000011110001100000000
000000011101000100000000
000000011101100000000000
000000011011010100000000
000000011011111100000000
000000011001111100000000
000000011000010100000000
000000011000111000000000
000000011000011100000000
000000011011000000000000
000000011010110000000000
000000011010110100000000
000000011101100000000000
000000011111000100000000
000000011110010000000000
000000011111011100000000
000000100000100100000000
000000100011100000000000
000000100100001000000000
000000100010011100000000
000000100110110000000000
000000100101111100000000
000000100101010100000000
000000100111100100000000
000000100101111100000000
000000100111100100000000
000000100111101000000000
000000100011101100000000
000000100000011100000000
000000011110110000000000
000000011101101000000000
000000011101001100000000
000000011101110000000000
000000011101101100000000
000000011110011100000000
000000011111001100000000
000000100000001000000000
000000100001110100000000
000000100010100000000000
000000100011111000000000
000000100100101100000000
000000100101000100000000
000000100100110100000000
000000100011110000000000
000000100101011100000000
000000100010101100000000
000000100000010000000000
000000100010010100000000
000000100001011000000000
000000011111000100000000
000000011101010000000000
000000011100111100000000
000000011101110000000000
000000011111111000000000
000000011101001000000000
000000011011001000000000
000000011011001100000000
000000011010001000000000
000000011100101000000000
000000011011110000000000
000000011011101100000000
000000011011001100000000
000000011011101100000000
000000011011111100000000
000000011001101100000000
000000011000110000000000
000000011000111100000000
000000010110110000000000
000000010011110000000000
000000010100110100000000
000000010100001000000000
000000010110110000000000
000000011010010100000000
000000011010010100000000
000000011011101100000000
000000011100000000000000
000000011110101000000000
000000011111000000000000
000000011101111000000000
000000011111000100000000
000000011101101000000000
000000011110010100000000
000000011110010000000000
000000011101101000000000
000000011101010000000000
000000011010100100000000
000000011100011000000000
000000011110110000000000
000000011111000000000000
000000100000010100000000
000000100010000100000000
000000100101110100000000
000000101011100000000000
000000101101010000000000
000000101110100100000000
000000110001011100000000
000000110011101100000000
000000110101110100000000
000000110101101100000000
000000110100110100000000
000000110111111100000000
000000111010100100000000
000000111010001100000000
000000111011110100000000
000000111011100000000000
000000111011111000000000
000000111010000100000000
000000111001111100000000
000000111011100100000000
000000111001011100000000
000000111001101100000000
000000111010010000000000
000000111001010100000000
000000110111011000000000
000000111001010100000000
000000111001000000000000
000000110111111000000000
000000111010110100000000
000000111001100100000000
000000111001000100000000
000000111011101000000000
000000111011011000000000
000000111001111100000000
000000111000110100000000
000000110101010100000000
000000110011101000000000
000000110001111000000000
000000110000011100000000
000000110001011000000000
000000101111011000000000
000000101110111100000000
000000101110110000000000
000000101100110100000000
000000101101000100000000
000000101100101100000000
000000101101001000000000
000000101100110000000000
000000101011110000000000
000000101001110100000000
000000101000000100000000
000000101000000000000000
000000101001010000000000
000000101001100000000000
000000100111011100000000
000000101001011000000000
000000100110100100000000
000000100100010100000000
000000100010001100000000
000000011110001100000000
000000011100110000000000
000000010111110100000000
000000010100010100000000
000000010010111100000000
000000010011101100000000
000000010010111100000000
000000010001001100000000
000000010001001100000000
000000010010001000000000
000000010010000100000000
000000010001101000000000
000000010011100100000000
000000010101000100000000
000000010100101100000000
000000010001111100000000
000000001111101000000000
000000010000001000000000
000000010001011000000000
000000001111001100000000
000000001101001100000000
000000001101110100000000
000000001101000100000000
000000001110011000000000
000000010000010100000000
000000010000110100000000
000000010010110000000000
000000010011011100000000
000000010101110000000000
000000010101110000000000
000000010011010000000000
000000010110111100000000
000000011000010100000000
000000010110101100000000
000000010110110100000000
000000010111110000000000
000000011010011000000000
000000011010111000000000
000000011011001000000000
000000011100110000000000
000000011110010100000000
000000011110001000000000
000000011010100000000000
000000011001001100000000
000000011010011100000000
000000011011000100000000
000000011011011100000000
000000011011110100000000
000000011101100100000000
000000100011101100000000
000000100101001100000000
000000100011011100000000
000000100110101000000000
000000101001100100000000
000000101011111100000000
000000101100110000000000
000000101011110000000000
000000101101011100000000
000000101110110000000000
000000101010111100000000
000000101001011000000000
000000101000111000000000
000000101011001100000000
000000101011100100000000
000000101010110100000000
000000101100100100000000
000000101011011100000000
000000101101111100000000
000000101110100100000000
000000101110011000000000
000000101111010000000000
000000101101100000000000
000000101100000100000000
000000101101011100000000
000000101110001000000000
000000101101101100000000
000000101100101100000000
000000101100011000000000
000000101010001000000000
000000101000111100000000
000000101011000100000000
000000101000101100000000
000000100111111100000000
000000100100110100000000
000000100100000100000000
000000100100011100000000
000000100001000100000000
000000100000010000000000
000000011111100100000000
000000100000111100000000
000000100011001000000000
000000100001111100000000
000000100100011000000000
000000100111110100000000
000000101000000000000000
000000101010000100000000
000000101001010100000000
000000101001110100000000
000000101010100000000000
000000100111010000000000
000000100100111000000000
000000100011110100000000
000000100101010100000000
000000100100010100000000
000000100001100100000000
000000100010000100000000
000000100101011000000000
000000100100000000000000
000000100001111000000000
000000100011101000000000
000000100101111100000000
000000100111001100000000
000000100010101100000000
000000100010100100000000
000000100100011000000000
000000100100111100000000
000000100100000000000000
000000100001100000000000
000000100001001100000000
000000011111011100000000
000000011110111000000000
000000011101110100000000
000000011011101000000000
000000011001101100000000
000000010111110000000000
000000011001010100000000
000000011000110000000000
000000011001001100000000
000000011100010000000000
000000011101100000000000
000000100000100000000000
000000100011011000000000
000000100110011000000000
000000101000100000000000
000000101010111100000000
000000101101011000000000
000000101101110100000000
000000101111111000000000
000000110000011100000000
000000110000000000000000
000000101111001000000000
000000101110010000000000
000000101101101100000000
000000101011001000000000
000000101100001000000000
000000101110110000000000
000000101111011100000000
000000110000100000000000
000000110001101100000000
000000110100110000000000
000000110110011000000000
000000110101010000000000
000000110111100100000000
000000111000111100000000
000000111010010100000000
000000111101010000000000
000000111100001000000000
000000111101101100000000
000000111110111000000000
000000111110010000000000
000000111110110100000000
000000111011000100000000
000000111010011100000000
000000111100000000000000
000000111011000000000000
000000111001000100000000
000000110110111000000000
000000111000000100000000
000000111001010000000000
000000111001010000000000
000000111010010100000000
000000111000001000000000
000000110111101000000000
000000110111010000000000
000000110101011000000000
000000110110010000000000
000000110100100100000000
000000110101000000000000
000000110100110000000000
000000110001100100000000
000000101110100100000000
000000101011111000000000
000000101000011100000000
000000100110000100000000
000000100101000100000000
000000100001101100000000
000000011110101000000000
000000011010110100000000
000000011010101100000000
000000011010100100000000
000000011000010100000000
000000010111010100000000
000000010101110100000000
000000010110000100000000
000000010101010100000000
000000010101001000000000
000000010101101100000000
000000010110010100000000
000000010110111000000000
000000010101011000000000
000000010011001000000000
000000010001011000000000
000000010001011100000000
000000001111011100000000
000000001010100000000000
000000000111101100000000
000000000110000100000000
000000000011110000000000
000000000010101000000000
000000000001110000000000
000000000000111000000000
000000000000001000000000
000000000001000100000000
000000000010100100000000
000000000001001000000000
000000000000111100000000
000000000001011000000000
000000000010011100000000
000000000010111100000000
000000000011000100000000
000000000011111100000000
000000000010111000000000
000000000010110100000000
000000000010101100000000
000000000001101000000000
000000000001100000000000
000000000001101000000000
000000000000100000000000
000000000010000100000000
000000000011011000000000
000000000000111000000000
000000000001000100000000
000000000001101100000000
000000000010001100000000
000000000100100000000000
000000000110011100000000
000000000101111100000000
000000000101001000000000
000000000111101000000000
000000000111110100000000
000000001000001000000000
000000001001111000000000
000000001001010000000000
000000001000110100000000
000000000111001000000000
000000000100011000000000
000000000100010000000000
000000000110011100000000
000000000110010000000000
000000000101000000000000
000000001000111100000000
000000001011100000000000
000000001011101000000000
000000001101111000000000
000000001101101100000000
000000001111101100000000
000000001111001000000000
000000001110100000000000
000000010010010100000000
000000010011001100000000
000000010011110100000000
000000010100010100000000
000000010101111100000000
000000010101101000000000
000000010110011100000000
000000011001001000000000
000000011010001000000000
000000011010101100000000
000000011100000100000000
000000011110001100000000
000000011111101000000000
000000100001110000000000
000000100001110100000000
000000100100011000000000
000000101000011100000000
000000101011100000000000
000000101101000100000000
000000110000001000000000
000000110011100100000000
000000110011001100000000
000000110100011000000000
000000110110000000000000
000000111000100100000000
000000111001010100000000
000000111000101000000000
000000111000101000000000
000000111000001100000000
000000110111011100000000
000000110111011100000000
000000111001110100000000
000000111010110000000000
000000111001000000000000
000000111000111100000000
000000111010100000000000
000000111010111000000000
000000111100111100000000
000000111010110000000000
000000111001100100000000
000000111100000000000000
000000111001010100000000
000000111001110000000000
000000111010111100000000
000000111001010100000000
000000111001100100000000
000000110110101000000000
000000110110011000000000
000000110111110000000000
000000110111001000000000
000000111000110000000000
000000110111111000000000
000000110111010000000000
000000110110010000000000
000000110111100000000000
000000111000110000000000
000000110111011100000000
000000110111011000000000
000000110110100100000000
000000111001010000000000
000000111000010000000000
000000110110011100000000
000000111000100100000000
000000110111010000000000
000000110111101000000000
000000110110110000000000
000000110010111000000000
000000110001100100000000
000000101111001000000000
000000101100001000000000
000000101010100000000000
000000101000110000000000
000000100110100100000000
000000100101000100000000
000000100100001100000000
000000100011100100000000
000000100100010000000000
000000100100100000000000
000000100101011100000000
000000100100011000000000
000000100110000100000000
000000100111000000000000
000000100100011100000000
000000100101100100000000
000000100101000100000000
000000100111100000000000
000000100111101000000000
000000100110001100000000
000000100111110000000000
000000100111100000000000
000000100111110000000000
000000101000000100000000
000000101011111100000000
000000101110101100000000
000000110000011100000000
000000110010111000000000
000000110010111100000000
000000110011100000000000
000000110101001000000000
000000110100111000000000
000000110110110100000000
000000111000101100000000
000000110111000100000000
000000111001001100000000
000000111010011100000000
000000111010000000000000
000000111001100000000000
000000111010010100000000
000000111000111000000000
000000110110010100000000
000000110111110000000000
000000110110011000000000
000000110101011000000000
000000110111010000000000
000000110111001100000000
000000110110010100000000
000000110110001100000000
000000110101011100000000
000000110111001000000000
000000111000111000000000
000000111000000100000000
000000110110110100000000
000000111000001100000000
000000110111010000000000
000000110100110100000000
000000110011110100000000
000000110000011000000000
000000101101110000000000
000000101100000100000000
000000101010111100000000
000000101000000100000000
000000100100011100000000
000000100100100000000000
000000100101111100000000
000000100010111000000000
000000011111001100000000
000000011101110000000000
000000011100111000000000
000000011011110100000000
000000011000111000000000
000000010111111100000000
000000010111110100000000
000000010100111000000000
000000010010110000000000
000000010001011100000000
000000001111011000000000
000000001101000000000000
000000001011111100000000
000000001010111100000000
000000000111111000000000
000000001000101000000000
000000000111100000000000
000000000011101000000000
000000000010001100000000
111111111111110000000000
000000000001111100000000
000000000010000000000000
000000000001010100000000
000000000001110000000000
000000000000110100000000
000000000100111000000000
000000000011110000000000
000000000010101000000000
000000000100100000000000
000000000100101000000000
000000000101101000000000
000000000100111100000000
000000000101110100000000
000000000100100100000000
000000000011011000000000
000000000101000000000000
000000000101010000000000
000000000110100100000000
000000000110110000000000
000000000111010000000000
000000001011011100000000
000000001110000000000000
000000001101110000000000
000000001111000100000000
000000010001101100000000
000000010011001100000000
000000010010111000000000
000000010011101000000000
000000010110001000000000
000000011010001000000000
000000011100000100000000
000000011100000100000000
000000011100101000000000
000000011101000100000000
000000011100010100000000
000000011011011000000000
000000011101000000000000
000000011110000100000000
000000011101110000000000
000000011110111000000000
000000100000010100000000
000000100001001000000000
000000100011100000000000
000000100110111100000000
000000100111110100000000
000000100111110100000000
000000101011101000000000
000000101111001100000000
000000110001110000000000
000000110000100000000000
000000101111100000000000
000000101111100000000000
000000101110010100000000
000000110001101000000000
000000110000101100000000
000000101110000000000000
000000101011111000000000
000000101011000000000000
000000101010000100000000
000000101001010000000000
000000101011011000000000
000000101011101000000000
000000101011100100000000
000000101100000100000000
000000101101011100000000
000000101111000100000000
000000101111110100000000
000000110010011100000000
000000110100110100000000
000000110100101100000000
000000110110100000000000
000000110110110100000000
000000110110100100000000
000000110111010000000000
000000110101001100000000
000000110100000000000000
000000110100010000000000
000000110100100000000000
000000110011100100000000
000000110011101000000000
000000110110110000000000